40.613673,-74.035352
40.6128274,-74.033652
40.6119516,-74.0318599
40.6435115,-73.8965028
40.641873,-73.8946741
40.6402465,-73.892852
40.6386145,-73.8910242
40.636986,-73.889223
40.6458113,-73.8990449
40.6451957,-73.898376
40.6497851,-73.9034662
40.6352644,-73.8873052
40.6444794,-73.8975627
40.6131061,-74.0357301
40.6122987,-74.0341134
40.6122987,-74.0341134
40.67933,-73.8633469
40.6111541,-74.0325498
40.6114468,-74.0331336
40.6518732,-73.904545
40.643977,-73.895777
40.6423469,-73.8939552
40.6407078,-73.8921295
40.63908,-73.890328
40.637441,-73.8885084
40.6456604,-73.8976654
40.6502686,-73.902757
40.647122,-73.8992609
40.6357136,-73.8865944
40.644434,-73.8950546
40.642806,-73.893247
40.641161,-73.8914339
40.6395269,-73.8896178
40.637906,-73.8877882
40.6491082,-73.9001228
40.6460686,-73.8968665
40.6475768,-73.8985465
40.6362807,-73.8859878
40.633504,-73.8829652
40.644917,-73.894322
40.643285,-73.8924971
40.6416435,-73.8906897
40.6400104,-73.8888732
40.6383781,-73.8870561
40.649545,-73.8994623
40.6465434,-73.8961206
40.6480651,-73.8978226
40.6366528,-73.8851279
40.6453925,-73.8935859
40.643764,-73.891762
40.6421165,-73.8899659
40.6405078,-73.8881002
40.6388625,-73.8863069
40.6500238,-73.8987372
40.6470835,-73.8954519
40.6485535,-73.8970845
40.6371407,-73.8843831
40.653752,-73.901651
40.6458815,-73.892833
40.6442449,-73.8910116
40.6426021,-73.8892107
40.6409674,-73.8873913
40.6393382,-73.8855713
40.6504958,-73.8979791
40.6475657,-73.8947184
40.6382598,-73.8843675
40.6453183,-73.8922217
40.644797,-73.89164
40.6521172,-73.8998432
40.649027,-73.896345
40.6376143,-73.8836534
40.646323,-73.892142
40.6479403,-73.8939316
40.6467754,-73.8914333
40.6484002,-73.8932293
40.647256,-73.89071
40.64563,-73.888901
40.6439707,-73.8870881
40.6423422,-73.8852556
40.6407163,-73.8834425
40.651881,-73.895861
40.6488723,-73.8925064
40.6396373,-73.8822392
40.646697,-73.8900953
40.6461836,-73.889508
40.6504054,-73.8942216
40.6389926,-73.8815244
40.6534537,-73.8976109
40.6534537,-73.8976109
40.659257,-73.978015
40.65694,-73.98007
40.6563797,-73.9806476
40.6558318,-73.9812172
40.6552599,-73.9818168
40.645176,-73.9923305
40.644618,-73.992899
40.64406,-73.993486
40.6434924,-73.994052
40.6429458,-73.994641
40.6418308,-73.9958028
40.6412543,-73.9964023
40.6407116,-73.9969804
40.6401464,-73.9975712
40.6395762,-73.9981395
40.6389922,-73.9987312
40.6384534,-73.9992961
40.6378791,-73.9998864
40.6373183,-74.0004772
40.769788,-73.9880647
40.6334089,-74.004547
40.632833,-74.005153
40.6322454,-74.0057608
40.6316873,-74.0063594
40.631134,-74.006921
40.6305711,-74.0074995
40.629974,-74.008128
40.629371,-74.008754
40.628812,-74.009338
40.627134,-74.011082
40.6265667,-74.0116651
40.626016,-74.012245
40.625456,-74.012827
40.624896,-74.013409
40.623692,-74.014662
40.6231359,-74.0152511
40.622574,-74.015825
40.622014,-74.016406
40.621454,-74.016987
40.6208867,-74.0175838
40.620336,-74.018152
40.619777,-74.018733
40.619224,-74.0193429
40.618657,-74.019894
40.618058,-74.020526
40.627693,-74.0105
40.6242787,-74.0140465
40.6552599,-73.9818168
40.6433193,-73.9942657
40.628252,-74.009919
40.657479,-73.979513
40.657479,-73.979513
40.6598851,-73.9774754
40.658052,-73.979023
40.658664,-73.9785143
40.6719835,-73.9939048
40.670861,-73.9915263
40.6697269,-73.9891651
40.6685763,-73.9868078
40.6674424,-73.9844436
40.6663005,-73.982089
40.665155,-73.97972
40.664012,-73.977343
40.6294067,-73.9670795
40.6270208,-73.966618
40.6246586,-73.9661662
40.622264,-73.965719
40.619875,-73.965265
40.617482,-73.964812
40.6150916,-73.9643849
40.6124289,-73.9638755
40.6098789,-73.9633968
40.6052344,-73.9624978
40.6485044,-73.970707
40.646608,-73.970323
40.6319037,-73.9675484
40.6070352,-73.9628894
40.6077337,-73.9630019
40.615893,-73.964509
40.7194946,-73.9559568
40.720293,-73.957225
40.718694,-73.954655
40.7219672,-73.9599037
40.717911,-73.9533964
40.7171169,-73.9521295
40.721181,-73.958648
40.708015,-73.964329
40.7081887,-73.9659488
40.7083412,-73.9672469
40.5941996,-73.9810354
40.6102153,-73.9839557
40.6076639,-73.9834632
40.600735,-73.982165
40.598345,-73.981712
40.5960832,-73.9812773
40.6112185,-73.9841662
40.603058,-73.982605
40.6054967,-73.9830672
40.5950585,-73.9810746
40.6054967,-73.9830672
40.5754425,-73.977911
40.6581319,-73.9756447
40.6556116,-73.9778669
40.655037,-73.978469
40.6542427,-73.9793266
40.7627665,-73.9969268
40.6393809,-73.994795
40.6388144,-73.9953665
40.63826,-73.9959518
40.6376766,-73.9965042
40.6371235,-73.997101
40.6365616,-73.9976815
40.6359953,-73.99827
40.6354479,-73.9988421
40.6348779,-73.9994306
40.6343279,-74.0000335
40.633755,-74.0005913
40.6332,-74.0011717
40.6326417,-74.0017558
40.6320891,-74.0023353
40.6314949,-74.0029501
40.6309206,-74.0035508
40.6303475,-74.0041489
40.6297839,-74.0047328
40.629246,-74.005298
40.628644,-74.005926
40.62804,-74.006554
40.627481,-74.007136
40.625802,-74.008879
40.625243,-74.009462
40.624686,-74.010042
40.624126,-74.010624
40.623566,-74.011206
40.622362,-74.012459
40.621803,-74.01304
40.621244,-74.013622
40.620685,-74.014203
40.620125,-74.014784
40.6195495,-74.0153852
40.619005,-74.01595
40.618447,-74.016529
40.617888,-74.017111
40.617326,-74.017691
40.616722,-74.018316
40.626361,-74.008299
40.6229475,-74.011855
40.6398942,-73.9943187
40.626809,-74.007834
40.6561519,-73.9773029
40.6587618,-73.9751269
40.656911,-73.976657
40.6542427,-73.9793266
40.657514,-73.976154
40.7340256,-73.9950724
40.671403,-73.994384
40.670265,-73.9920222
40.6691199,-73.9896614
40.667976,-73.9873085
40.5917114,-73.9596526
40.5895688,-73.9594822
40.587417,-73.959347
40.5836026,-73.9590356
40.5842976,-73.9591132
40.585934,-73.959235
40.5828991,-73.9589783
40.5828991,-73.9589783
40.5832828,-73.9590074
40.5821838,-73.9588921
40.5851646,-73.959184
40.5851646,-73.959184
40.5851646,-73.959184
40.5851646,-73.959184
40.5851646,-73.959184
40.5866327,-73.9592913
40.7200571,-73.9553458
40.7208401,-73.9566414
40.719246,-73.954061
40.7225225,-73.9593132
40.7181029,-73.9522671
40.7184626,-73.952807
40.7181029,-73.9522671
40.7217211,-73.9580676
40.667976,-73.9873085
40.7075035,-73.9660383
40.7077491,-73.9684036
40.7076317,-73.9673827
40.6104487,-73.9849693
40.5947681,-73.9819631
40.6101154,-73.9848874
40.6075656,-73.9844017
40.6006301,-73.9830918
40.598243,-73.982639
40.5959716,-73.982214
40.5938789,-73.9817876
40.5914776,-73.9813515
40.5893626,-73.9809317
40.6104487,-73.9849693
40.6029532,-73.983525
40.6055885,-73.9840498
40.5950488,-73.9820302
40.6054109,-73.9839954
40.667976,-73.9873085
40.6668361,-73.9849472
40.6656949,-73.9825843
40.664552,-73.980222
40.663402,-73.977843
40.6435777,-73.9867383
40.6430826,-73.9873234
40.6425041,-73.9879114
40.641952,-73.9884957
40.6414028,-73.9890651
40.6408376,-73.9896478
40.640273,-73.9902387
40.6397156,-73.9908203
40.6391596,-73.9914032
40.6386034,-73.9919751
40.6380448,-73.9925748
40.6374623,-73.993141
40.6369138,-73.993733
40.6363464,-73.9943079
40.6357949,-73.9948965
40.6352347,-73.9954771
40.634669,-73.9960652
40.6341225,-73.99664
40.6335516,-73.9972225
40.6329817,-73.9978155
40.6324248,-73.9983981
40.6318794,-73.9989657
40.6313026,-73.999565
40.6307511,-74.0001365
40.6301639,-74.0007419
40.6295929,-74.0013449
40.6290223,-74.0019576
40.628475,-74.002515
40.627916,-74.003099
40.627312,-74.003723
40.626711,-74.00435
40.626151,-74.004932
40.624473,-74.006678
40.623915,-74.00726
40.623355,-74.007839
40.622796,-74.008422
40.622235,-74.009002
40.621032,-74.010257
40.620473,-74.010839
40.619914,-74.01142
40.619353,-74.012002
40.618794,-74.012584
40.6182095,-74.0131712
40.617676,-74.013749
40.617118,-74.014327
40.616558,-74.014909
40.615998,-74.015488
40.6153928,-74.0161005
40.625033,-74.006095
40.621608,-74.0096391
40.6444512,-73.9844033
40.645752,-73.981056
40.6358678,-73.994822
40.625455,-74.005655
40.628751,-74.002228
40.67079,-73.994896
40.6696598,-73.9925291
40.6685823,-73.990291
40.6673735,-73.98781
40.6662339,-73.9854483
40.665092,-73.983085
40.66395,-73.980724
40.6715046,-73.9963579
40.662799,-73.9783344
40.6296317,-73.9650636
40.6272404,-73.96462
40.6248836,-73.9641502
40.6224835,-73.9637254
40.620095,-73.9632743
40.6177066,-73.9628118
40.615314,-73.962364
40.6126419,-73.9618396
40.610094,-73.9613694
40.6054677,-73.9607311
40.6031025,-73.960535
40.59814,-73.983567
40.5984009,-73.9601849
40.5962937,-73.959775
40.5939051,-73.9593829
40.5917763,-73.9589999
40.5896639,-73.9585862
40.5875505,-73.9581836
40.5837684,-73.9574959
40.5844554,-73.9576355
40.623678,-73.963945
40.6176154,-73.962796
40.592504,-73.959135
40.591064,-73.958862
40.591064,-73.958862
40.5903918,-73.958723
40.616911,-73.962663
40.5860749,-73.9579193
40.5945585,-73.9594498
40.5831,-73.9569944
40.6076905,-73.9608942
40.593179,-73.959263
40.5834505,-73.9574462
40.6183194,-73.9629384
40.5825222,-73.9572252
40.6079506,-73.9609614
40.5847327,-73.9583466
40.5847327,-73.9583466
40.5847327,-73.9583466
40.6296317,-73.9650636
40.5867664,-73.95804
40.7205881,-73.9547646
40.721397,-73.956038
40.7197801,-73.9534453
40.7230734,-73.9587164
40.719219,-73.952477
40.722285,-73.957461
40.595417,-73.9830634
40.6074452,-73.9853354
40.60053,-73.984019
40.59814,-73.983567
40.5958766,-73.983143
40.593764,-73.982734
40.5913795,-73.9822911
40.5892592,-73.9818741
40.6096878,-73.9857633
40.5747695,-73.9796709
40.602852,-73.9844569
40.6057299,-73.9850137
40.579445,-73.9796288
40.6053091,-73.9849304
40.57555,-73.9796469
40.642262,-73.984587
40.6417429,-73.9851098
40.6411723,-73.9857061
40.6406102,-73.9862871
40.6400636,-73.9868705
40.6394992,-73.9874391
40.6389508,-73.9880308
40.6383832,-73.9886081
40.637824,-73.989206
40.6372732,-73.9897742
40.636705,-73.990373
40.636145,-73.990956
40.635583,-73.991539
40.63503,-73.9921183
40.6344706,-73.9927072
40.633906,-73.9932783
40.6333344,-73.9938735
40.6327883,-73.9944676
40.6322165,-73.995044
40.6316693,-73.9956002
40.6311011,-73.9962155
40.6305488,-73.9967782
40.6299878,-73.9973639
40.629425,-73.997939
40.628845,-73.998545
40.628263,-73.999149
40.6276959,-73.9997508
40.627145,-74.000314
40.626584,-74.000895
40.625985,-74.0015109
40.62538,-74.002148
40.624821,-74.00273
40.623145,-74.004476
40.622583,-74.005058
40.6220276,-74.0056485
40.621468,-74.0062271
40.6208975,-74.0067903
40.6197,-74.008054
40.619143,-74.008637
40.618582,-74.009217
40.618024,-74.0098
40.617464,-74.010383
40.6168875,-74.0109671
40.616345,-74.011543
40.615788,-74.012127
40.615228,-74.012709
40.614669,-74.013289
40.614064,-74.013926
40.623701,-74.003892
40.6202809,-74.0074524
40.6319587,-73.9953217
40.624123,-74.003456
40.627426,-74.000024
40.670195,-73.995392
40.6690568,-73.9930398
40.6679163,-73.9906622
40.6667764,-73.9883177
40.66563,-73.985948
40.664489,-73.983586
40.663347,-73.981225
40.6709015,-73.9968631
40.662202,-73.978854
40.6297324,-73.9641532
40.6297324,-73.9641532
40.6273435,-73.963691
40.6249417,-73.963238
40.622585,-73.962796
40.620196,-73.962339
40.6177899,-73.9618864
40.615414,-73.961431
40.6127458,-73.9609203
40.610195,-73.9604433
40.6055918,-73.959587
40.6032664,-73.959129
40.598038,-73.984493
40.5986249,-73.9582773
40.5965062,-73.957886
40.5920021,-73.956989
40.5898858,-73.9565925
40.587762,-73.956193
40.6172004,-73.9617849
40.5944388,-73.9574704
40.6080221,-73.9600353
40.6186107,-73.9620564
40.588929,-73.956391
40.6052148,-73.9858588
40.5855192,-73.9557538
40.5855192,-73.9557538
40.7219511,-73.9554447
40.723628,-73.9581209
40.722837,-73.9568627
40.5960691,-73.9841267
40.6073554,-73.9862614
40.6004255,-73.9849544
40.598038,-73.984493
40.5957855,-73.9840569
40.5936603,-73.9836843
40.5912868,-73.983154
40.5891514,-73.982828
40.584922,-73.981996
40.6027533,-73.9853828
40.6058705,-73.985974
40.6052148,-73.9858588
40.5855192,-73.9557538
40.6415317,-73.9817544
40.640976,-73.982337
40.640416,-73.982921
40.6398531,-73.9835153
40.6392915,-73.984101
40.6387311,-73.9846689
40.6381691,-73.9852562
40.637616,-73.985836
40.637056,-73.986419
40.636496,-73.987002
40.635937,-73.987585
40.635374,-73.988167
40.634816,-73.988751
40.634258,-73.989333
40.633696,-73.989916
40.633137,-73.990497
40.632574,-73.991081
40.6320221,-73.9916526
40.631456,-73.992246
40.630898,-73.992828
40.630336,-73.993413
40.629776,-73.993995
40.629216,-73.994578
40.6286497,-73.9951527
40.6280869,-73.9957372
40.627511,-73.996348
40.626934,-73.9969424
40.626377,-73.997536
40.625816,-73.998117
40.625257,-73.998697
40.624656,-73.999321
40.624051,-73.999946
40.62349,-74.00053
40.6218118,-74.0022841
40.621253,-74.002857
40.6206894,-74.0034413
40.6201427,-74.0040203
40.6195751,-74.0045951
40.6183734,-74.0058636
40.617814,-74.006434
40.617254,-74.007016
40.616695,-74.007599
40.616133,-74.008177
40.6155667,-74.0087655
40.615015,-74.009341
40.614457,-74.009924
40.6138786,-74.0105161
40.613339,-74.011086
40.612735,-74.011712
40.6093635,-74.0152307
40.622372,-74.001694
40.6189746,-74.0052227
40.6110444,-74.0134888
40.6420423,-73.9812258
40.6043496,-74.0107009
40.6271578,-73.9967014
40.622843,-74.001202
40.6420423,-73.9812258
40.669595,-73.9958957
40.668455,-73.9935385
40.6673135,-73.9911695
40.66617,-73.98881
40.665028,-73.98645
40.663886,-73.984089
40.662744,-73.981728
40.6702963,-73.9973629
40.661594,-73.97935
40.6298352,-73.9632306
40.6274478,-73.9627571
40.625081,-73.9623253
40.622688,-73.961866
40.620299,-73.9614276
40.6179018,-73.9609865
40.615518,-73.960511
40.6128537,-73.9599886
40.6102996,-73.959528
40.6056736,-73.9586483
40.6033683,-73.9582115
40.6009755,-73.9577557
40.5987264,-73.9573289
40.5966046,-73.9569338
40.5921076,-73.956061
40.5899815,-73.9556567
40.5878694,-73.9552695
40.618206,-73.961022
40.6174961,-73.9609075
40.5946414,-73.9565576
40.6083569,-73.9591638
40.618914,-73.961153
40.5830873,-73.9543545
40.6298352,-73.9632306
40.5856256,-73.9548406
40.5856256,-73.9548406
40.7224597,-73.9548791
40.7242829,-73.9577226
40.7242829,-73.9577226
40.7224597,-73.9548791
40.7234029,-73.9562709
40.639644,-73.980141
40.639088,-73.980718
40.638526,-73.981303
40.637965,-73.981886
40.637406,-73.982466
40.636846,-73.983052
40.636285,-73.983634
40.635726,-73.984218
40.635165,-73.984797
40.634606,-73.985381
40.634047,-73.985964
40.633487,-73.986548
40.632927,-73.987132
40.632366,-73.987713
40.631804,-73.988296
40.631247,-73.988879
40.6306884,-73.9894524
40.6301246,-73.9900577
40.629651,-73.990544
40.629006,-73.991212
40.628446,-73.991794
40.627884,-73.992378
40.627326,-73.99296
40.62677,-73.993543
40.626184,-73.994146
40.625698,-73.994649
40.625698,-73.994649
40.625043,-73.995332
40.62448,-73.995925
40.623923,-73.996498
40.623323,-73.997122
40.6227275,-73.9977592
40.6221614,-73.9983395
40.6204844,-74.0000807
40.6199194,-74.0006691
40.6193659,-74.0012359
40.618806,-74.001818
40.618247,-74.002399
40.617041,-74.003652
40.6164712,-74.0042595
40.615923,-74.004813
40.615363,-74.005397
40.614804,-74.005979
40.614246,-74.00656
40.6136774,-74.0071321
40.6131198,-74.0077339
40.6125645,-74.0083168
40.6120022,-74.0088767
40.6113997,-74.0094691
40.60803,-74.013023
40.621043,-73.999491
40.617645,-74.003025
40.6097174,-74.0112843
40.6064304,-74.0146972
40.6396737,-73.9798917
40.604672,-74.016516
40.604672,-74.016516
40.6224592,-73.9980619
40.621561,-73.998952
40.6036091,-74.0176122
40.5858952,-73.9842318
40.5861976,-73.9832722
40.6689849,-73.996392
40.6678511,-73.9940342
40.6667806,-73.9918042
40.6655718,-73.9893139
40.664425,-73.986951
40.663284,-73.984591
40.662142,-73.982231
40.6299317,-73.9622922
40.6275689,-73.9618581
40.6251594,-73.9614209
40.622791,-73.96094
40.6204,-73.960486
40.618011,-73.960042
40.6156064,-73.9595995
40.6129319,-73.959087
40.6103799,-73.958605
40.6057772,-73.9577285
40.6034673,-73.9572722
40.601081,-73.9568302
40.5988231,-73.9563957
40.5967022,-73.9559945
40.5922025,-73.9551475
40.5900794,-73.9547509
40.5879647,-73.9543439
40.618501,-73.960131
40.617795,-73.959993
40.5831809,-73.9534311
40.5948479,-73.9556572
40.6087179,-73.9582963
40.619216,-73.960248
40.5873729,-73.9542477
40.5846342,-73.953697
40.5846342,-73.953697
40.5846342,-73.953697
40.7232497,-73.95451
40.725097,-73.957572
40.7242532,-73.9561382
40.7227683,-73.9537856
40.723943,-73.955679
40.5847095,-73.9840007
40.5754115,-73.9552118
40.5747929,-73.9820838
40.582342,-73.983728
40.5768504,-73.9826549
40.5791781,-73.9831092
40.5839785,-73.9838889
40.5755092,-73.9822108
40.636639,-73.979681
40.636076,-73.980266
40.635516,-73.98085
40.634955,-73.981432
40.634395,-73.982015
40.633837,-73.982598
40.633279,-73.983179
40.632717,-73.983763
40.632157,-73.984344
40.631597,-73.984928
40.631038,-73.985509
40.630478,-73.986093
40.629916,-73.986675
40.629355,-73.987259
40.6287906,-73.987858
40.628231,-73.988428
40.627676,-73.989009
40.627117,-73.989591
40.626557,-73.990175
40.625998,-73.990756
40.625438,-73.99134
40.624855,-73.991944
40.624274,-73.99255
40.623715,-73.99313
40.623156,-73.993711
40.622597,-73.994293
40.621994,-73.99492
40.621393,-73.995546
40.6205802,-73.9964101
40.620274,-73.996709
40.6191342,-73.9978944
40.6185904,-73.9984708
40.6180127,-73.9990245
40.617472,-73.9996384
40.6169155,-74.0002353
40.6157135,-74.0014528
40.615153,-74.002031
40.614594,-74.002614
40.613475,-74.003778
40.6129138,-74.0043579
40.612356,-74.004942
40.611798,-74.005521
40.6113224,-74.0060222
40.6106669,-74.0066808
40.6100814,-74.0073163
40.6067043,-74.0108252
40.6197147,-73.9972993
40.6163533,-74.0008323
40.608378,-74.009078
40.6052204,-74.0123796
40.6368841,-73.9793759
40.603428,-74.01398
40.6175965,-73.9994647
40.602813,-74.014521
40.6672468,-73.9945463
40.6660975,-73.9921413
40.6649706,-73.989822
40.663823,-73.987453
40.6626856,-73.9850954
40.661539,-73.982732
40.663069,-73.985893
40.6574595,-73.9741305
40.6603868,-73.9803645
40.663437,-73.986655
40.6300375,-73.9613775
40.6276827,-73.9609367
40.6276827,-73.9609367
40.6252483,-73.9604799
40.6228881,-73.9600188
40.618113,-73.959107
40.6156884,-73.9586476
40.613039,-73.958147
40.6104846,-73.9576754
40.605874,-73.9568001
40.603571,-73.9563562
40.6011787,-73.9558967
40.5989254,-73.9554693
40.5968018,-73.9550653
40.594422,-73.954582
40.5923223,-73.9541881
40.5901821,-73.9538224
40.5880768,-73.9533855
40.584159,-73.952678
40.6444065,-73.9640997
40.6156884,-73.9586476
40.6506379,-73.965266
40.6173841,-73.9589693
40.6487223,-73.9649081
40.6416128,-73.9635564
40.6375161,-73.962777
40.6396802,-73.963186
40.5910858,-73.9539741
40.5832678,-73.9525151
40.6344974,-73.9622193
40.5950112,-73.9547222
40.6090933,-73.9574217
40.6048837,-73.9565525
40.635924,-73.962473
40.6083348,-73.9572661
40.58467,-73.9527579
40.58467,-73.9527579
40.585812,-73.95299
40.5845874,-73.9849327
40.5870221,-73.9854151
40.5815319,-73.9846367
40.5767364,-73.9837154
40.5790911,-73.9841613
40.584294,-73.9848743
40.5754204,-73.9833659
40.6029839,-74.0106902
40.633476,-73.978973
40.632913,-73.979558
40.632354,-73.980142
40.631793,-73.980723
40.631233,-73.981307
40.630673,-73.98189
40.6300873,-73.9824463
40.629553,-73.983053
40.628993,-73.983637
40.6284255,-73.9842306
40.627872,-73.984804
40.627313,-73.985384
40.626756,-73.985966
40.626194,-73.986554
40.62598,-73.986777
40.625071,-73.987719
40.624514,-73.988302
40.623953,-73.988885
40.62337,-73.989488
40.622789,-73.990094
40.622232,-73.990674
40.621672,-73.991256
40.621111,-73.99184
40.620509,-73.992466
40.619909,-73.993093
40.619156,-73.993877
40.618789,-73.994254
40.617673,-73.995418
40.6171062,-73.9960108
40.6165463,-73.9965895
40.6159832,-73.9971694
40.6154322,-73.9977602
40.6142382,-73.9989983
40.6136829,-73.9995748
40.6131143,-74.0001665
40.6125497,-74.0007515
40.611995,-74.001318
40.611432,-74.001904
40.610878,-74.002488
40.610316,-74.003069
40.609969,-74.003425
40.609195,-74.004228
40.608594,-74.004855
40.6052208,-74.0083714
40.618231,-73.994835
40.6148393,-73.9983743
40.606898,-74.0066229
40.603861,-74.00978
40.633671,-73.97877
40.6122041,-74.0010133
40.6064066,-74.0071358
40.60248,-74.0100289
40.6667091,-73.996305
40.6649128,-73.9932742
40.66359,-73.991089
40.6622577,-73.9888925
40.66093,-73.986682
40.659598,-73.98448
40.6617305,-73.9876394
40.658271,-73.982275
40.655114,-73.977077
40.6469025,-73.9635736
40.6301513,-73.9603605
40.627778,-73.959956
40.6253842,-73.9595035
40.6229985,-73.9590505
40.620587,-73.9586009
40.6182194,-73.9581393
40.6158067,-73.9576849
40.6131399,-73.9571798
40.6105916,-73.956711
40.6059803,-73.9558323
40.6036663,-73.9553905
40.6012848,-73.9549344
40.5990341,-73.9545051
40.5969128,-73.9541033
40.5945313,-73.9536337
40.5924156,-73.9532193
40.5902888,-73.9528568
40.588177,-73.9524489
40.6195736,-73.9584042
40.6445101,-73.9631301
40.6509928,-73.9643643
40.6176875,-73.9580347
40.6190806,-73.958306
40.6490914,-73.9639857
40.6420192,-73.9626477
40.6333292,-73.9609755
40.637927,-73.9618884
40.6401061,-73.9622927
40.6184053,-73.9581697
40.591478,-73.953081
40.6349902,-73.9612248
40.6325673,-73.9608145
40.5953446,-73.9537844
40.6340691,-73.9610785
40.5875183,-73.9523305
40.6095124,-73.9565104
40.6049871,-73.9556567
40.6363654,-73.961587
40.6084382,-73.9563053
40.6317398,-73.9606594
40.6309472,-73.9605088
40.5845111,-73.9858511
40.5862578,-73.9862064
40.5836385,-73.9856776
40.5831741,-73.9857133
40.603056,-74.008244
40.5766296,-73.9847807
40.5788891,-73.9852147
40.5753004,-73.984528
40.631276,-73.976049
40.631689,-73.975172
40.6302712,-73.9781518
40.629859,-73.979036
40.62945,-73.979861
40.628879,-73.980428
40.62831,-73.980999
40.632091,-73.974319
40.627739,-73.981566
40.627171,-73.982132
40.6266,-73.9827
40.6260503,-73.9832614
40.625463,-73.983831
40.6248952,-73.9844011
40.6243308,-73.9849768
40.6237565,-73.9855294
40.6231798,-73.9860929
40.6226125,-73.9866692
40.632621,-73.973196
40.622022,-73.987257
40.621435,-73.987851
40.620872,-73.98842
40.620303,-73.988993
40.619738,-73.989566
40.619131,-73.990182
40.618523,-73.990795
40.617819,-73.991518
40.617391,-73.991935
40.61626,-73.993082
40.615694,-73.993651
40.615131,-73.994223
40.614562,-73.994797
40.613996,-73.995411
40.6127917,-73.9966146
40.6122186,-73.9971686
40.611649,-73.997739
40.611084,-73.998313
40.63372,-73.970876
40.610518,-73.998884
40.60995,-73.999454
40.609386,-74.000021
40.60886,-74.000655
40.608344,-74.001309
40.608344,-74.001309
40.607828,-74.0019251
40.607257,-74.002644
40.6341659,-73.9698826
40.634607,-73.968999
40.603887,-74.006172
40.616827,-73.992509
40.613388,-73.995983
40.605568,-74.004425
40.605568,-74.004425
40.602645,-74.007459
40.6302712,-73.9781518
40.635238,-73.967627
40.6308233,-73.9770063
40.6079933,-74.0017245
40.6331382,-73.9720942
40.6331382,-73.9720942
40.6331382,-73.9720942
40.605075,-74.004934
40.631276,-73.976049
40.600779,-74.0094105
40.665516,-73.995795
40.6644562,-73.9940216
40.663028,-73.991673
40.6617004,-73.9894734
40.660169,-73.9874393
40.660169,-73.9874393
40.6590481,-73.9850564
40.6576859,-73.9828387
40.6540837,-73.9775742
40.6547488,-73.9780276
40.6532196,-73.9769832
40.6470045,-73.962619
40.6302743,-73.9594714
40.627886,-73.958994
40.6254938,-73.9585374
40.6231039,-73.9580846
40.6206994,-73.9576465
40.618326,-73.957184
40.6159135,-73.9567367
40.6132452,-73.9562313
40.6106901,-73.9557677
40.6060917,-73.9548643
40.6037712,-73.9544342
40.601392,-73.9539735
40.5991377,-73.9535438
40.5970117,-73.9531365
40.5946166,-73.952689
40.5925306,-73.9522938
40.5904,-73.951894
40.588279,-73.951493
40.6446234,-73.9621653
40.6513592,-73.9634474
40.6494446,-73.9630634
40.6424292,-73.9617419
40.6383634,-73.9609631
40.6405331,-73.961386
40.6187033,-73.9572708
40.6353665,-73.9604047
40.6326668,-73.9599354
40.5957515,-73.9528963
40.587504,-73.951345
40.6099189,-73.9556179
40.6367938,-73.96068
40.6085434,-73.9553594
40.6483925,-73.9628418
40.5860208,-73.9510712
40.5999727,-74.0066239
40.6279467,-73.977441
40.6274595,-73.9779851
40.626336,-73.979235
40.6257656,-73.979837
40.6252062,-73.9804034
40.624653,-73.980985
40.624095,-73.981566
40.623533,-73.9821515
40.6218471,-73.9839117
40.621293,-73.984478
40.620712,-73.985087
40.620131,-73.985693
40.619567,-73.986275
40.619013,-73.986854
40.618455,-73.987435
40.617852,-73.988066
40.617249,-73.988688
40.61669,-73.989271
40.61613,-73.989851
40.615012,-73.991015
40.614452,-73.991598
40.613894,-73.99218
40.613334,-73.99276
40.612772,-73.993343
40.6115795,-73.9945951
40.6110199,-73.9951714
40.610456,-73.995754
40.609894,-73.996338
40.609335,-73.996922
40.608775,-73.997503
40.608216,-73.998086
40.607657,-73.998667
40.607096,-73.999249
40.6065648,-73.9998005
40.605946,-74.0004772
40.602668,-74.003854
40.615571,-73.990434
40.612173,-73.993968
40.603847,-74.00263
40.6014285,-74.0051445
40.6277679,-73.9776471
40.6279467,-73.977441
40.5994494,-74.0071877
40.5996068,-74.004601
40.6649474,-73.9963465
40.6638723,-73.9945788
40.662469,-73.992255
40.662469,-73.992255
40.6611409,-73.9900571
40.659816,-73.98784
40.658481,-73.9856405
40.65715,-73.983439
40.6536742,-73.9786414
40.6542427,-73.9793266
40.6527945,-73.978057
40.6471115,-73.9616794
40.6303764,-73.9584983
40.6279901,-73.9580558
40.625596,-73.9576028
40.6232062,-73.9571562
40.6208033,-73.9566891
40.6184352,-73.9562365
40.6160163,-73.9557845
40.6133493,-73.9552755
40.6108032,-73.9548168
40.6061911,-73.9539299
40.603874,-73.9534834
40.6014984,-73.9530215
40.5992437,-73.9526085
40.5971136,-73.9521919
40.5947333,-73.9517535
40.592622,-73.9513286
40.590508,-73.950944
40.5883873,-73.9505275
40.6178799,-73.9561432
40.6447334,-73.9612247
40.6497835,-73.9622055
40.6428316,-73.960857
40.6387888,-73.96009
40.6409449,-73.960502
40.5834895,-73.9496103
40.6357905,-73.959519
40.6327698,-73.9589476
40.5961523,-73.95202
40.587738,-73.950406
40.6102461,-73.9547097
40.6372304,-73.959802
40.6086508,-73.954401
40.5848531,-73.9498584
40.5848531,-73.9498584
40.6497835,-73.9622055
40.6485094,-73.9619446
40.58613,-73.950103
40.624653,-73.980985
40.582195,-73.9868273
40.5765082,-73.9858391
40.5787558,-73.9862644
40.575153,-73.9855692
40.575153,-73.9855692
40.656605,-74.0127034
40.7475307,-73.9707849
40.6554783,-74.0139209
40.6549194,-74.0144813
40.654361,-74.0150725
40.653781,-74.015631
40.652109,-74.017381
40.651544,-74.017966
40.65098,-74.018554
40.650416,-74.019136
40.649861,-74.019715
40.649302,-74.020295
40.6487422,-74.0208931
40.6481804,-74.0214926
40.6476198,-74.0220596
40.6470726,-74.0226339
40.6465131,-74.0232195
40.645902,-74.0238593
40.6487422,-74.0208931
40.6045029,-73.9633033
40.6046714,-73.961678
40.6808696,-73.998871
40.680315,-73.996887
40.6814295,-74.0007027
40.679825,-73.995139
40.6814295,-74.0007027
40.6762782,-73.9870118
40.6751284,-73.9846361
40.674,-73.982277
40.672858,-73.979917
40.671715,-73.9775618
40.6705796,-73.9752023
40.678105,-73.990908
40.6755632,-73.9855431
40.678995,-73.992947
40.6694433,-73.9728404
40.6759009,-73.98624
40.601919,-73.97143
40.5995273,-73.9709655
40.5972781,-73.9705531
40.592769,-73.969709
40.5906485,-73.9693065
40.5885331,-73.9688953
40.5864114,-73.9684995
40.5949596,-73.9700333
40.7148818,-73.9608811
40.7155744,-73.9622814
40.7142038,-73.959488
40.7170068,-73.9652335
40.717252,-73.965734
40.716339,-73.963852
40.7138908,-73.9616843
40.714455,-73.963202
40.713345,-73.960163
40.712239,-73.957136
40.7103415,-73.9519533
40.7108768,-73.9534727
40.7155245,-73.9663957
40.711752,-73.955797
40.7101731,-73.9515221
40.7113156,-73.9546253
40.712798,-73.9586624
40.7099734,-73.9509542
40.7150559,-73.9648094
40.6101179,-73.9752723
40.6086062,-73.9750142
40.592559,-73.9715673
40.5904538,-73.9711593
40.5883275,-73.9707441
40.5862137,-73.970355
40.5763171,-73.9697236
40.6044156,-73.9742223
40.6064568,-73.9745974
40.5755831,-73.9698897
40.5853896,-73.9311848
40.5911717,-73.971288
40.5918367,-73.9714252
40.594337,-73.9719109
40.5937725,-73.9718058
40.7248531,-73.9922663
40.5992072,-74.0038806
40.5986447,-74.0044564
40.624442,-73.977616
40.6238859,-73.9782
40.623323,-73.978784
40.6227627,-73.979374
40.6210776,-73.981119
40.6205324,-73.9816821
40.619962,-73.982282
40.619381,-73.982883
40.6188,-73.983489
40.618243,-73.9840732
40.6176818,-73.9846469
40.6171099,-73.9852355
40.616522,-73.98586
40.615918,-73.986487
40.615361,-73.987067
40.6148,-73.987651
40.613683,-73.988814
40.613123,-73.989397
40.612562,-73.989976
40.612004,-73.990559
40.611447,-73.99114
40.6102488,-73.9924043
40.6096805,-73.9929841
40.6091263,-73.9935581
40.608564,-73.994137
40.608005,-73.994719
40.607445,-73.995303
40.606886,-73.995882
40.6063619,-73.9964406
40.605769,-73.997044
40.60521,-73.99763
40.6046104,-73.9982719
40.6259792,-73.9763166
40.601442,-74.001545
40.614241,-73.988234
40.610846,-73.991767
40.60263,-74.000337
40.60263,-74.000337
40.6002081,-74.0028297
40.6249421,-73.9771167
40.6259792,-73.9763166
40.5981246,-74.0050002
40.6001805,-74.0052152
40.6643914,-73.996906
40.6633243,-73.9951795
40.661909,-73.992838
40.6605879,-73.9906314
40.6592393,-73.9884165
40.657921,-73.986228
40.6552599,-73.9818168
40.656592,-73.984024
40.653342,-73.97949
40.654003,-73.979926
40.6524638,-73.9788967
40.5823613,-73.9878679
40.5763941,-73.986883
40.5786952,-73.987352
40.5748955,-73.9866173
40.5978483,-74.0016976
40.5978483,-74.0016976
40.6219928,-73.9765873
40.6197486,-73.9789146
40.619195,-73.9794723
40.618635,-73.98008
40.618053,-73.980682
40.617471,-73.981286
40.616912,-73.981868
40.616353,-73.98245
40.6157806,-73.9830293
40.615185,-73.983668
40.614588,-73.984287
40.61403,-73.984868
40.61347,-73.98545
40.6123493,-73.9866082
40.6117897,-73.9872063
40.6112379,-73.987778
40.6106774,-73.9883639
40.6101232,-73.9889496
40.6089132,-73.9901863
40.6083623,-73.990782
40.6077956,-73.9913582
40.6072289,-73.9919459
40.606675,-73.992521
40.606116,-73.993104
40.605556,-73.993685
40.6050289,-73.9942657
40.604437,-73.994847
40.603877,-73.995429
40.6032709,-73.9960724
40.6000079,-73.999457
40.612912,-73.986033
40.6095149,-73.9895787
40.601578,-73.997824
40.5987717,-74.000746
40.6219928,-73.9765873
40.5970365,-74.0025968
40.598597,-74.0029041
40.6638209,-73.9975258
40.6627616,-73.9957724
40.661349,-73.99342
40.6600238,-73.9912188
40.6586919,-73.9890157
40.6473468,-73.9594341
40.6282314,-73.9558053
40.6258449,-73.9553561
40.6234544,-73.9549182
40.6210492,-73.954454
40.6186729,-73.953997
40.6162599,-73.9535485
40.6136003,-73.95304
40.6111044,-73.9525813
40.6064382,-73.951698
40.6041204,-73.9512545
40.6017422,-73.9508012
40.5994704,-73.9503769
40.5973632,-73.9499748
40.5949792,-73.949521
40.5928695,-73.9491281
40.590747,-73.948717
40.588628,-73.948313
40.6158843,-73.953472
40.6449517,-73.958982
40.6311972,-73.9563663
40.652552,-73.9604202
40.6502122,-73.9599824
40.6437511,-73.9587767
40.6397691,-73.9579945
40.6419333,-73.9584037
40.5836427,-73.947379
40.6354085,-73.9571673
40.6367975,-73.9574263
40.6330221,-73.9567263
40.597001,-73.9499064
40.58828,-73.948246
40.585496,-73.947722
40.6491352,-73.9597749
40.6111044,-73.9525813
40.6382216,-73.9577112
40.6088939,-73.9521628
40.6461107,-73.9591986
40.5849991,-73.947612
40.5849991,-73.947612
40.586375,-73.947888
40.654457,-73.960783
40.5762644,-73.9879464
40.5785792,-73.988407
40.5745963,-73.9875689
40.663264,-73.9981064
40.6621198,-73.9962266
40.66079,-73.994004
40.6594663,-73.9918164
40.6581396,-73.989604
40.6283338,-73.9548749
40.6259452,-73.9544324
40.6235549,-73.9539904
40.6211501,-73.9535265
40.618775,-73.953078
40.6163656,-73.9526258
40.6136992,-73.9521186
40.6111148,-73.9516383
40.606536,-73.9507733
40.6042202,-73.9503291
40.6018434,-73.9498684
40.5995825,-73.949448
40.5973499,-73.9490339
40.595088,-73.94859
40.592967,-73.94819
40.590851,-73.947787
40.5887313,-73.9473926
40.615073,-73.95238
40.6446392,-73.956647
40.6314204,-73.9554637
40.6427629,-73.9564376
40.644073,-73.9565951
40.6401677,-73.957125
40.6453661,-73.9567341
40.6355055,-73.9562417
40.6372105,-73.956566
40.6331282,-73.9557869
40.5973499,-73.9490339
40.5885126,-73.947262
40.585352,-73.946748
40.585594,-73.946804
40.6112773,-73.9516683
40.6386461,-73.9568492
40.6162015,-73.9525976
40.6089996,-73.9512353
40.585073,-73.946692
40.6465589,-73.9568558
40.586477,-73.94696
40.7570396,-73.9380965
40.5834821,-73.98825
40.572542,-73.9883508
40.5761548,-73.9890093
40.578469,-73.9894666
40.5742816,-73.9886427
40.615946,-73.97563
40.615359,-73.976223
40.614777,-73.976827
40.6142281,-73.9774247
40.613657,-73.977992
40.613099,-73.978574
40.6125181,-73.9791851
40.605115,-73.9868565
40.6045396,-73.9874952
40.603979,-73.988064
40.603421,-73.988643
40.602865,-73.989224
40.602303,-73.989808
40.601743,-73.99039
40.601185,-73.990972
40.600581,-73.991599
40.618875,-73.9521673
40.597096,-73.9952362
40.598889,-73.993363
40.595633,-73.9968366
40.6161378,-73.9754063
40.605115,-73.9868565
40.605115,-73.9868565
40.6627029,-73.9986854
40.6615558,-73.9967776
40.660228,-73.994588
40.6588964,-73.9923808
40.6576743,-73.9900763
40.6405418,-73.95525
40.6284383,-73.9539567
40.626043,-73.9535117
40.6236559,-73.9530528
40.6212497,-73.9526131
40.618875,-73.9521673
40.6164592,-73.9517033
40.613801,-73.9511974
40.6112399,-73.950698
40.6066448,-73.9498376
40.6043241,-73.9494038
40.6019499,-73.9489426
40.5996802,-73.9485227
40.5975537,-73.9481056
40.5951897,-73.9476694
40.593072,-73.947264
40.590951,-73.946862
40.5888108,-73.9464777
40.6142663,-73.9512881
40.6446969,-73.9557168
40.6319279,-73.9546178
40.6428125,-73.9555201
40.644127,-73.9556529
40.6404194,-73.9562321
40.583572,-73.9438891
40.6356064,-73.9553142
40.6376282,-73.9556939
40.6332241,-73.954856
40.59769,-73.948139
40.5885126,-73.947262
40.5885126,-73.947262
40.6116067,-73.9507654
40.6390582,-73.955985
40.615359,-73.951494
40.6090974,-73.9503184
40.585172,-73.944931
40.585172,-73.944931
40.6383553,-73.9558527
40.6420695,-73.9554219
40.586592,-73.945918
40.5724405,-73.9893296
40.5760418,-73.9900657
40.578353,-73.9905207
40.5739866,-73.9897031
40.6140862,-73.973983
40.612885,-73.9752202
40.612328,-73.97579
40.611769,-73.976372
40.611173,-73.9770058
40.602092,-73.986445
40.601534,-73.987025
40.600973,-73.987608
40.600412,-73.988186
40.5998593,-73.9887755
40.599255,-73.989395
40.6140862,-73.973983
40.611173,-73.9770058
40.595661,-73.993134
40.7562128,-73.9365864
40.597554,-73.991163
40.5944672,-73.9952539
40.5944672,-73.9952539
40.6131949,-73.9748953
40.6140862,-73.973983
40.5933257,-73.9965562
40.602229,-73.986303
40.6623447,-73.9996289
40.6610717,-73.9974882
40.659669,-73.995169
40.6583462,-73.9929131
40.628544,-73.9530551
40.6261494,-73.9525822
40.6237558,-73.9521446
40.6213548,-73.9516672
40.618978,-73.951221
40.6165685,-73.9507579
40.6139047,-73.9502566
40.6113526,-73.949772
40.6067446,-73.9489158
40.6044289,-73.9484677
40.602048,-73.9480171
40.599801,-73.947595
40.5976647,-73.9471936
40.595291,-73.946737
40.5931677,-73.9463365
40.5910509,-73.9459438
40.588934,-73.945534
40.6357072,-73.954393
40.638041,-73.954831
40.6333244,-73.953928
40.5980282,-73.9472567
40.6123357,-73.9499682
40.6145264,-73.9503755
40.6092032,-73.9493748
40.586682,-73.945107
40.575922,-73.9911391
40.5782379,-73.9915793
40.5736861,-73.990723
40.5990889,-73.9859906
40.5985288,-73.9865733
40.597926,-73.987192
40.5943429,-73.9909377
40.596223,-73.988964
40.592312,-73.9931518
40.5927593,-73.9925484
40.59192,-73.994004
40.599283,-73.9857444
40.6615683,-73.9998699
40.6605143,-73.9980807
40.6591068,-73.9957525
40.6406567,-73.9533073
40.6429369,-73.953566
40.6442179,-73.9537013
40.638427,-73.9530686
40.6396969,-73.9532084
40.5758105,-73.992178
40.5781118,-73.9926113
40.5734181,-73.9917702
40.5930037,-73.9887418
40.5948927,-73.9867645
40.5903708,-73.9915886
40.591439,-73.990364
40.5896162,-73.9933246
40.5896162,-73.9933246
40.5964341,-73.9851933
40.6610135,-74.000451
40.6598701,-73.9985282
40.658547,-73.996336
40.6357677,-73.9523874
40.6407044,-73.9523828
40.6287542,-73.9511006
40.62636,-73.9506717
40.623971,-73.950202
40.6215681,-73.9497453
40.6191895,-73.949296
40.6167778,-73.94884
40.6141158,-73.9483319
40.6115637,-73.947862
40.6069765,-73.9469902
40.6046529,-73.9465472
40.60227,-73.946096
40.600012,-73.945669
40.5978966,-73.9452686
40.595503,-73.944813
40.593385,-73.944408
40.591265,-73.944012
40.589147,-73.943609
40.6322622,-73.951759
40.6429884,-73.9526343
40.6442497,-73.9527682
40.583613,-73.9425688
40.6359191,-73.9524636
40.6369031,-73.951972
40.6369031,-73.951972
40.638427,-73.952133
40.633531,-73.95201
40.598762,-73.945432
40.6136595,-73.9482718
40.6397581,-73.9522793
40.6094369,-73.9474469
40.584815,-73.942793
40.584815,-73.942793
40.58689,-73.943185
40.5979939,-73.9443469
40.5916742,-73.9865145
40.5885024,-73.9899179
40.5901022,-73.9881681
40.5889175,-73.9893918
40.5878012,-73.9914892
40.5934336,-73.9846158
40.6604569,-74.0010262
40.6593093,-73.999109
40.6579863,-73.9969276
40.6336228,-73.9510988
40.6288433,-73.9501832
40.6264645,-73.9497371
40.624072,-73.949274
40.6216659,-73.9488304
40.6192922,-73.9483698
40.6168848,-73.9479194
40.6047577,-73.9456217
40.611684,-73.946933
40.6047577,-73.9456217
40.602369,-73.945169
40.600111,-73.944742
40.5979939,-73.9443469
40.595605,-73.943884
40.593487,-73.943484
40.591368,-73.943085
40.589247,-73.94268
40.6323563,-73.9508479
40.5837151,-73.9414898
40.5837151,-73.9414898
40.6336228,-73.9510988
40.5990978,-73.9445548
40.6142359,-73.9474227
40.60954,-73.946524
40.5855286,-73.9419426
40.5855286,-73.9419426
40.586993,-73.942257
40.5756954,-73.9931855
40.5779547,-73.9936307
40.5731782,-73.9927699
40.5903412,-73.9843306
40.5864952,-73.9883248
40.5887641,-73.9859632
40.5905519,-73.9840847
40.6601161,-74.0019386
40.6587474,-73.9996886
40.6574164,-73.9975187
40.6480479,-73.9512114
40.6408316,-73.9504105
40.628955,-73.949252
40.6265656,-73.9488088
40.6241694,-73.94835
40.621783,-73.947895
40.6193661,-73.9474565
40.6169769,-73.9470128
40.6117834,-73.9460086
40.607184,-73.9451304
40.6048634,-73.9446954
40.602473,-73.944242
40.6002139,-73.9438113
40.598098,-73.9434145
40.595707,-73.942959
40.593588,-73.942558
40.591469,-73.9421604
40.589349,-73.941754
40.6449953,-73.9508802
40.6431252,-73.9506682
40.6443319,-73.9507888
40.5837626,-73.9407241
40.6361528,-73.9499029
40.6348691,-73.9498041
40.6384936,-73.9501563
40.599447,-73.9436659
40.6148179,-73.9465848
40.6398772,-73.950313
40.609643,-73.945598
40.5856711,-73.9410313
40.5856711,-73.9410313
40.6467978,-73.9510752
40.587095,-73.941331
40.575571,-73.9943208
40.5779267,-73.9947577
40.5730081,-73.9938331
40.660891,-74.0047012
40.6595759,-74.0025056
40.6581883,-74.000274
40.6568582,-73.9981092
40.6480898,-73.9502731
40.640882,-73.9494913
40.629057,-73.948324
40.6266661,-73.9478837
40.624276,-73.94742
40.621885,-73.946968
40.6194784,-73.9465286
40.6170872,-73.9460694
40.6118879,-73.9450801
40.607285,-73.944205
40.6049614,-73.943779
40.602575,-73.943316
40.60032,-73.9428862
40.5982031,-73.94248
40.595809,-73.942032
40.593691,-73.941631
40.591572,-73.941233
40.5894537,-73.940814
40.645054,-73.9499504
40.6431808,-73.9497223
40.6443868,-73.9498526
40.5838021,-73.9397804
40.6362182,-73.9489797
40.6385581,-73.9492625
40.6339168,-73.9488441
40.5997878,-73.942792
40.6153731,-73.9457386
40.6399341,-73.949379
40.609743,-73.944672
40.5852183,-73.940032
40.6468289,-73.9501375
40.5871904,-73.9404362
40.5754551,-73.995368
40.5777112,-73.9958102
40.5728765,-73.9948968
40.6597375,-74.0058874
40.6591783,-74.0064282
40.6591783,-74.0064282
40.6586162,-74.007017
40.65807,-74.007619
40.6575064,-74.0082
40.656963,-74.00879
40.6563714,-74.0093764
40.6563714,-74.0093764
40.6552741,-74.0104913
40.654695,-74.011103
40.654135,-74.011684
40.653573,-74.012266
40.653016,-74.012844
40.652453,-74.01343
40.651895,-74.014012
40.650773,-74.015184
40.650214,-74.015761
40.649656,-74.016343
40.649094,-74.016927
40.648533,-74.017509
40.647973,-74.018092
40.647412,-74.018674
40.6468489,-74.0192669
40.6462887,-74.019824
40.6457179,-74.0204361
40.6451583,-74.0210228
40.6446091,-74.021615
40.6440521,-74.022195
40.674998,-73.991384
40.6434697,-74.0227897
40.6428828,-74.0233875
40.642327,-74.023956
40.64176,-74.024547
40.64121,-74.02512
40.6406018,-74.0257493
40.6744143,-73.9918733
40.6738147,-73.9923767
40.6732139,-73.9928783
40.672594,-73.9933922
40.6398502,-74.0265135
40.5838285,-73.9708434
40.5838285,-73.9708434
40.6394493,-74.0269588
40.6800528,-73.999264
40.679502,-73.997283
40.680569,-74.001122
40.679045,-73.995672
40.5778984,-73.970338
40.578019,-73.9710968
40.6745982,-73.9852796
40.673399,-73.982781
40.6722598,-73.980428
40.6711179,-73.9780763
40.6699796,-73.9757015
40.67755,-73.99137
40.678479,-73.993295
40.6688472,-73.9733525
40.679482,-73.995373
40.645239,-73.978702
40.7209929,-73.9810807
40.633289,-73.976434
40.626114,-73.975077
40.6237264,-73.9746218
40.616541,-73.973358
40.614153,-73.9729197
40.6114971,-73.9724248
40.6089399,-73.9719356
40.6020227,-73.9705128
40.5996249,-73.970061
40.5973763,-73.9696443
40.5952757,-73.9692258
40.5928765,-73.9687747
40.5907562,-73.9683737
40.5886361,-73.967971
40.5865212,-73.9675719
40.6219987,-73.9742905
40.6428263,-73.9782417
40.603518,-73.970793
40.5872335,-73.9677088
40.647428,-73.9791222
40.6432582,-73.9783255
40.602808,-73.97066
40.6380536,-73.9773419
40.6356596,-73.9768861
40.627129,-73.975275
40.648119,-73.9792633
40.594857,-73.9691622
40.649948,-73.979598
40.6043434,-73.9709191
40.5879143,-73.9678348
40.6068083,-73.9715264
40.6129384,-73.9726848
40.631276,-73.976049
40.652032,-73.979994
40.605783,-73.9713133
40.713269,-73.962081
40.7138221,-73.963589
40.712713,-73.960561
40.711609,-73.957535
40.7091569,-73.9508455
40.7097096,-73.9523707
40.7102624,-73.9538582
40.7147304,-73.9667693
40.7111006,-73.956195
40.7121669,-73.9590615
40.7091569,-73.9508455
40.7142829,-73.9651551
40.610765,-73.9763619
40.6085009,-73.9759425
40.5903463,-73.9720721
40.5882279,-73.9716819
40.5861091,-73.9712825
40.5764264,-73.9706451
40.5764264,-73.9706451
40.6045229,-73.9751975
40.6063431,-73.9755279
40.5757973,-73.9707787
40.5838285,-73.9708434
40.6587731,-74.0027711
40.6577064,-74.0009872
40.6563024,-73.9986787
40.6564874,-73.9989952
40.6564874,-73.9989952
40.5753391,-73.9964344
40.5776992,-73.9968685
40.5727813,-73.995946
40.658414,-74.0036937
40.6571454,-74.0015705
40.6557436,-73.9992525
40.6299491,-73.9464799
40.6409881,-73.9475467
40.6292647,-73.946351
40.626886,-73.945877
40.624496,-73.945425
40.622105,-73.94497
40.6196935,-73.9445361
40.6173017,-73.9440621
40.6139282,-73.9422264
40.6106677,-73.9385879
40.6451752,-73.9480059
40.6508373,-73.9486064
40.6433017,-73.9477899
40.6444635,-73.9479163
40.6508373,-73.9486064
40.6373878,-73.947146
40.6363305,-73.9470581
40.6090486,-73.9367724
40.6318239,-73.9466024
40.6340621,-73.9467981
40.6168211,-73.9439734
40.6168211,-73.9439734
40.6400479,-73.9474449
40.6122941,-73.9404035
40.6489671,-73.9484032
40.6469114,-73.9481928
40.5752262,-73.9974158
40.5774782,-73.9978401
40.572749,-73.9969671
40.6576649,-74.0039311
40.6565818,-74.0021451
40.655184,-73.9998283
40.630044,-73.94552
40.6410479,-73.9466154
40.6317799,-73.9456146
40.629371,-73.9453983
40.626987,-73.94495
40.624598,-73.944496
40.622208,-73.944044
40.6197958,-73.9436074
40.6143882,-73.9415212
40.6111292,-73.9378734
40.6078841,-73.9342422
40.6452371,-73.9470685
40.6508829,-73.9476842
40.6433585,-73.9468568
40.6444807,-73.9469933
40.6374418,-73.9462598
40.6363846,-73.9461049
40.6095127,-73.9360506
40.6309775,-73.945748
40.6341186,-73.945864
40.6178556,-73.9432307
40.6178556,-73.9432307
40.6401118,-73.9465125
40.612754,-73.9396947
40.6508829,-73.9476842
40.6490268,-73.9474947
40.6469523,-73.9472602
40.5773558,-73.9988986
40.5721979,-73.997969
40.5727668,-73.9980897
40.6571019,-74.0045072
40.656021,-74.0027281
40.6546269,-74.0004068
40.6174075,-73.9431473
40.6148548,-73.9407957
40.6116069,-73.9371446
40.6083374,-73.933513
40.606714,-73.931697
40.605043,-73.9299035
40.609974,-73.935331
40.61324,-73.93897
40.5811225,-74.0006045
40.5749966,-73.9995477
40.57726,-73.9999634
40.5728307,-73.9991432
40.6567438,-74.0054433
40.6553874,-74.0031889
40.654067,-74.000995
40.7581872,-73.924064
40.6411735,-73.9446647
40.6318995,-73.9436538
40.6295672,-73.9434144
40.627188,-73.943124
40.6247944,-73.9426728
40.622411,-73.942189
40.620019,-73.9417433
40.6175249,-73.9422295
40.6175249,-73.9422295
40.615318,-73.9400854
40.6120579,-73.9364486
40.608805,-73.932801
40.6071689,-73.9309856
40.605522,-73.9291685
40.6453575,-73.9451119
40.6375855,-73.9442375
40.6509943,-73.9457374
40.6434673,-73.9449095
40.6445577,-73.9450312
40.6365105,-73.9441637
40.6104311,-73.9346074
40.6287329,-73.9433715
40.6342363,-73.943906
40.6197173,-73.9416455
40.6197173,-73.9416455
40.6543823,-73.9460913
40.6528398,-73.9459323
40.608805,-73.932801
40.6402317,-73.9445603
40.6136893,-73.9382597
40.6491601,-73.9455363
40.6470244,-73.9452996
40.6395107,-73.9444582
40.6559878,-74.0056901
40.654828,-74.0037697
40.6417034,-73.9820378
40.6405099,-73.9800632
40.6412317,-73.9437162
40.6319558,-73.9427202
40.629615,-73.9424777
40.6272912,-73.9421252
40.62491,-73.9416714
40.622517,-73.941229
40.6376255,-73.9433869
40.6175641,-73.9418359
40.6157818,-73.9393666
40.6125135,-73.9357348
40.6092614,-73.932084
40.607632,-73.930269
40.6059817,-73.928445
40.6454134,-73.9441632
40.6376255,-73.9433869
40.6510523,-73.944807
40.6435328,-73.9439854
40.644594,-73.9440825
40.6365677,-73.9432266
40.6108889,-73.933908
40.6278193,-73.9423597
40.618012,-73.9403048
40.618012,-73.9403048
40.6342948,-73.9429764
40.6196573,-73.940708
40.6196573,-73.940708
40.6544416,-73.9451463
40.652897,-73.9449843
40.6402844,-73.9436219
40.6141457,-73.9375599
40.649211,-73.9445984
40.6470525,-73.9443474
40.6395894,-73.9435594
40.5810748,-74.0017494
40.7477843,-73.9809492
40.5748805,-74.0006125
40.5771418,-74.0010363
40.5729389,-74.000237
40.6554315,-74.0062606
40.6543515,-74.0044951
40.6529371,-74.0021614
40.6502442,-73.9978038
40.6413201,-73.9829438
40.6425822,-73.9850766
40.6396737,-73.9798917
40.6445569,-73.9883522
40.6420804,-73.9843025
40.644045,-73.987499
40.6430608,-73.98587
40.625015,-73.94072
40.622623,-73.940266
40.6202221,-73.9398136
40.6162477,-73.938632
40.6130106,-73.9349859
40.6097478,-73.9313536
40.6081015,-73.9295366
40.60648,-73.927691
40.6113799,-73.9331665
40.6263766,-73.940873
40.6179021,-73.9404643
40.6179021,-73.9404643
40.6211671,-73.9399835
40.6146275,-73.9368133
40.5809437,-74.0029191
40.5790241,-74.002543
40.5747443,-74.0017362
40.5770057,-74.0021642
40.5731165,-74.0014219
40.6550565,-74.0072023
40.6537992,-74.0050724
40.652385,-74.002751
40.6496374,-73.9982227
40.6470736,-73.993952
40.6384683,-73.9796935
40.6441275,-73.9890546
40.6413501,-73.9417963
40.6320782,-73.9407843
40.629735,-73.940538
40.6273843,-73.940303
40.6250961,-73.9398028
40.6227071,-73.9393508
40.6203216,-73.938888
40.6167357,-73.9378904
40.6134771,-73.9342449
40.6102222,-73.9306069
40.608596,-73.928782
40.6069347,-73.9269698
40.6511011,-73.9428514
40.6436502,-73.9420425
40.6558138,-73.9433594
40.6446782,-73.9421574
40.6366855,-73.9412893
40.6118547,-73.9324191
40.6257628,-73.9402185
40.6190926,-73.9386681
40.6190926,-73.9386681
40.639025,-73.9415336
40.634417,-73.9410449
40.6215621,-73.9391478
40.6545518,-73.9432197
40.6530289,-73.9430574
40.6151043,-73.9360755
40.6493365,-73.9426505
40.5808325,-74.0039697
40.5808325,-74.0039697
40.5789046,-74.0036154
40.574634,-74.0027991
40.574634,-74.0027991
40.5768908,-74.0032309
40.5803051,-74.0038706
40.5733337,-74.0025367
40.6545522,-74.0077812
40.6532061,-74.005466
40.65183,-74.003327
40.6374243,-73.979475
40.643645,-73.989779
40.6414061,-73.9408658
40.629795,-73.939605
40.6274443,-73.9393683
40.6256041,-73.9391489
40.6228099,-73.9384322
40.6204311,-73.937971
40.6172053,-73.9371705
40.6139449,-73.9335271
40.6106831,-73.9299003
40.6090486,-73.9280767
40.6074105,-73.9262513
40.6058394,-73.9244351
40.6511517,-73.9419147
40.6437106,-73.941105
40.6558666,-73.9424153
40.6447184,-73.9412012
40.6367428,-73.9403482
40.6123099,-73.9317056
40.6242228,-73.9385945
40.6188554,-73.9390177
40.6188554,-73.9390177
40.6390825,-73.9405997
40.6344746,-73.9400949
40.6242228,-73.9385945
40.6218602,-73.9382364
40.6546076,-73.942281
40.6530859,-73.9421173
40.6155721,-73.9353631
40.6493933,-73.9417205
40.6537457,-74.0080059
40.6525971,-74.0060991
40.651266,-74.003908
40.64994,-74.00171
40.6485992,-73.9995029
40.647272,-73.997301
40.645946,-73.995096
40.636414,-73.979286
40.643164,-73.990497
40.6456266,-73.9945229
40.6414668,-73.9399048
40.6321936,-73.9389225
40.629859,-73.9386703
40.6274993,-73.9384402
40.6256509,-73.9382244
40.6256509,-73.9382244
40.6512155,-73.9409826
40.6437824,-73.9401505
40.6558904,-73.9421734
40.6447656,-73.9402707
40.6368031,-73.9394129
40.6391423,-73.9396737
40.6345298,-73.9391653
40.624799,-73.937651
40.654677,-73.9413324
40.6531376,-73.9411806
40.6494476,-73.9407725
40.6750797,-73.9880065
40.6533981,-74.00892
40.6526297,-74.0091911
40.6520948,-74.0097556
40.6515079,-74.0103628
40.6511375,-74.0112528
40.65039,-74.0115292
40.6498278,-74.0121134
40.6492728,-74.0126971
40.6487044,-74.0132743
40.6483292,-74.0141496
40.6477635,-74.0147357
40.6470294,-74.0150268
40.6464744,-74.0156031
40.6459074,-74.0161929
40.6455477,-74.0171059
40.6449886,-74.0176915
40.6442102,-74.0179101
40.6438794,-74.0188716
40.6430908,-74.0190808
40.6427509,-74.0200451
40.641936,-74.0202623
40.6415766,-74.0212347
40.6410331,-74.0218165
40.6404747,-74.0224305
40.63971,-74.0226
40.63971,-74.0226
40.6393052,-74.0235349
40.6393052,-74.0235349
40.637794,-74.02509
40.636667,-74.025666
40.67327,-73.989511
40.634197,-74.02668
40.634197,-74.02668
40.633516,-74.026951
40.633516,-74.026951
40.632836,-74.02723
40.632836,-74.02723
40.632154,-74.027508
40.630754,-74.02808
40.630023,-74.02838
40.629294,-74.028678
40.628564,-74.028976
40.6726705,-73.9900216
40.627833,-74.029275
40.6270949,-74.0295784
40.6263679,-74.0298737
40.6256834,-74.0301806
40.6250008,-74.0304542
40.6243128,-74.0307329
40.623464,-74.0310698
40.6227295,-74.0313625
40.6220513,-74.0316419
40.6213662,-74.0319291
40.6720669,-73.9905279
40.6210411,-74.0320583
40.6210411,-74.0320583
40.6200035,-74.0324805
40.6200035,-74.0324805
40.6195729,-74.032656
40.6195729,-74.032656
40.6188122,-74.032965
40.6188122,-74.032965
40.6179418,-74.0333197
40.6172255,-74.0336157
40.6165911,-74.0338617
40.6159189,-74.034144
40.6159189,-74.034144
40.6142939,-74.0349486
40.6142939,-74.0349486
40.6714559,-73.9910153
40.6853227,-73.9807034
40.681523,-73.983276
40.631463,-74.027791
40.6834108,-73.9819965
40.6808716,-73.9837334
40.6770743,-73.9863336
40.679612,-73.98457
40.6840468,-73.9815629
40.680246,-73.984139
40.6021321,-73.969592
40.6866667,-73.9797918
40.6149626,-74.0345464
40.6348625,-74.0264047
40.6846912,-73.9811278
40.677709,-73.98586
40.6667629,-73.9948226
40.6667629,-73.9948226
40.678977,-73.984998
40.6865758,-73.9798461
40.5836594,-73.9717651
40.6125481,-74.0360852
40.6827756,-73.9824243
40.6859637,-73.9802541
40.678344,-73.985429
40.638121,-74.024754
40.6821485,-73.9828481
40.6827756,-73.9824243
40.679236,-73.999663
40.678682,-73.997672
40.679753,-74.001516
40.678837,-73.995794
40.6740003,-73.9857742
40.6728017,-73.9832867
40.671655,-73.980923
40.6705186,-73.978571
40.6693786,-73.976197
40.6769454,-73.9918744
40.677841,-73.993725
40.6682385,-73.9738551
40.678837,-73.995794
40.645342,-73.977774
40.7216408,-73.9805986
40.633386,-73.97551
40.626215,-73.974149
40.6238259,-73.973677
40.616654,-73.972337
40.6142652,-73.9718926
40.611601,-73.9713962
40.6090457,-73.9709204
40.6021321,-73.969592
40.643842,-73.9392238
40.6559881,-73.9405386
40.644814,-73.9393337
40.6368603,-73.9384828
40.622275,-73.93376
40.6392006,-73.9387295
40.6345829,-73.9382402
40.625233,-73.936905
40.6495069,-73.939845
40.6515499,-74.0074135
40.650147,-74.005074
40.648821,-74.002866
40.647487,-74.000662
40.646159,-73.998466
40.6448296,-73.9962638
40.634354,-73.978903
40.6436093,-73.9942439
40.6227929,-73.9331275
40.6509102,-74.0078201
40.649584,-74.005659
40.646926,-74.001248
40.645597,-73.999048
40.644266,-73.996844
40.633324,-73.978704
40.6427319,-73.9942584
40.6323706,-73.9360701
40.6300168,-73.9358014
40.6276751,-73.9355637
40.6258178,-73.935357
40.6513599,-73.9381011
40.6439436,-73.9373071
40.6561186,-73.9386051
40.6449009,-73.9374116
40.636982,-73.9365481
40.6393235,-73.9367917
40.6347052,-73.9363017
40.6548486,-73.9384725
40.6496314,-73.9379134
40.6504224,-74.0085647
40.649022,-74.006241
40.646368,-74.001833
40.645037,-73.99963
40.6437077,-73.9974429
40.6323,-73.978516
40.6417921,-73.9942665
40.6324142,-73.9351111
40.6300767,-73.9348698
40.6277334,-73.934621
40.6258768,-73.9344317
40.6209335,-73.9338782
40.6440234,-73.9363501
40.6561699,-73.9376814
40.6449505,-73.9364526
40.6370259,-73.9356266
40.622114,-73.934007
40.6393692,-73.9358721
40.6347613,-73.935381
40.654911,-73.937531
40.6496956,-73.9369908
40.6498622,-74.0091377
40.648465,-74.006824
40.647131,-74.004621
40.645809,-74.002415
40.644477,-74.000213
40.6431363,-73.9980232
40.631275,-73.978311
40.6409216,-73.994291
40.6492287,-74.0095946
40.647905,-74.007405
40.646578,-74.005202
40.645245,-74.002999
40.6439103,-74.0007984
40.6425844,-73.9986059
40.6302712,-73.9781518
40.6399928,-73.9943075
40.6418225,-73.9341841
40.6325441,-73.9331716
40.6302199,-73.932475
40.6278657,-73.9325112
40.6255162,-73.932437
40.6232714,-73.9321948
40.6210465,-73.931959
40.7554101,-73.979483
40.6515185,-73.9352082
40.6441219,-73.9344381
40.6562914,-73.9357383
40.6450387,-73.9345178
40.6371377,-73.9336832
40.6179265,-73.9317262
40.6232714,-73.9321948
40.6394918,-73.933924
40.633244,-73.933254
40.6348712,-73.9334365
40.655035,-73.9355898
40.6179265,-73.9317262
40.66029,-73.9361494
40.6497963,-73.9350428
40.6258469,-73.9334395
40.658001,-73.9358763
40.6486653,-74.0101781
40.647344,-74.007988
40.646018,-74.005785
40.644689,-74.003581
40.643357,-74.0013769
40.6420254,-73.9991845
40.6391349,-73.994387
40.6418958,-73.93325
40.6326057,-73.9322369
40.6302515,-73.9320043
40.627912,-73.931755
40.6255724,-73.9314971
40.6233152,-73.9312618
40.6211008,-73.93103
40.7547141,-73.9759
40.6515642,-73.9342705
40.6441769,-73.9334964
40.6563389,-73.9347992
40.6450778,-73.9335862
40.6371961,-73.9327564
40.6169152,-73.9306003
40.6238384,-73.931321
40.6395444,-73.9329966
40.6349253,-73.9324982
40.6551008,-73.9346418
40.6603509,-73.935211
40.6498604,-73.934095
40.658058,-73.9349686
40.6481062,-74.0107602
40.646788,-74.008568
40.645458,-74.006368
40.644127,-74.004165
40.6427986,-74.0019516
40.6281394,-73.977762
40.6281394,-73.977762
40.6276329,-73.9764346
40.6284376,-73.9781956
40.6276329,-73.9764346
40.638291,-73.9944968
40.6279467,-73.977441
40.628926,-73.978992
40.6475481,-74.0113422
40.646227,-74.009153
40.644897,-74.00695
40.643567,-74.004747
40.6422338,-74.0025414
40.640908,-74.0003461
40.6374401,-73.9946109
40.6420078,-73.9312994
40.6327066,-73.9303197
40.6303726,-73.9300717
40.628031,-73.9298145
40.6256966,-73.9295654
40.621227,-73.9290837
40.7559774,-73.974981
40.6164797,-73.9285757
40.6516356,-73.9323507
40.6443123,-73.9315407
40.6564632,-73.9328489
40.6453723,-73.9316639
40.6373214,-73.9308218
40.6150567,-73.9284523
40.62503,-73.9294873
40.6396626,-73.9310526
40.6350636,-73.9305471
40.655221,-73.9327053
40.6619154,-73.933429
40.6612057,-73.9333472
40.6499851,-73.9321653
40.648057,-73.9319582
40.6470708,-74.0120658
40.645667,-74.009736
40.644337,-74.0075427
40.643006,-74.00533
40.6416785,-74.0031209
40.6403392,-74.0009381
40.6366033,-73.9947172
40.6420682,-73.9303665
40.6327855,-73.9293797
40.6304336,-73.9291343
40.6280904,-73.9288824
40.6257384,-73.9287856
40.6234847,-73.9283976
40.621281,-73.9281561
40.7565285,-73.9743637
40.6165378,-73.9276515
40.6516778,-73.9314138
40.6443631,-73.9306159
40.6565235,-73.9319312
40.6455118,-73.9307417
40.6373784,-73.9298739
40.6144205,-73.927414
40.6140766,-73.9273664
40.6255836,-73.9286135
40.6351135,-73.9296273
40.6552705,-73.9317807
40.660528,-73.9323521
40.6500374,-73.9312312
40.648113,-73.9310211
40.6582318,-73.9320951
40.6465118,-74.0126468
40.6458749,-74.0130956
40.6453145,-74.0136787
40.6447554,-74.0142628
40.6441988,-74.0148404
40.6437052,-74.0155382
40.6431458,-74.0161196
40.6425801,-74.0167274
40.6419383,-74.0171658
40.6414649,-74.0178702
40.6157251,-74.0312413
40.6727964,-73.9867798
40.6408647,-74.0184878
40.6402271,-74.0189869
40.6396704,-74.0195449
40.6391776,-74.0202308
40.6382163,-74.0212494
40.6379833,-74.0213232
40.6374367,-74.0219617
40.636799,-74.022626
40.636799,-74.022626
40.635318,-74.023235
40.6721963,-73.9872787
40.7703805,-73.9642411
40.632859,-74.024238
40.632167,-74.02452
40.632167,-74.02452
40.631506,-74.024792
40.630109,-74.0253728
40.629378,-74.02566
40.628648,-74.025958
40.62792,-74.026263
40.6715876,-73.9877872
40.627187,-74.026561
40.626459,-74.026856
40.625741,-74.0271494
40.625028,-74.0274515
40.624301,-74.027734
40.6235987,-74.0280314
40.6227982,-74.0283731
40.621996,-74.028679
40.621996,-74.028679
40.621404,-74.028924
40.621404,-74.028924
40.6205126,-74.0292812
40.6205126,-74.0292812
40.6709905,-73.9882787
40.6198356,-74.0295708
40.6191407,-74.0298503
40.6183409,-74.0301827
40.6175812,-74.0304887
40.6166938,-74.030857
40.6157251,-74.0312413
40.6157251,-74.0312413
40.6153288,-74.0315155
40.6148167,-74.0319485
40.6148167,-74.0319485
40.6134013,-74.0331641
40.67032,-73.9886738
40.6843687,-73.9782887
40.6805614,-73.9808267
40.634616,-74.023518
40.6308571,-74.025073
40.6824573,-73.9795406
40.679976,-73.9813925
40.6761162,-73.9838142
40.678712,-73.982252
40.683154,-73.9792436
40.679292,-73.9816855
40.6204481,-74.02931
40.6758046,-73.9842865
40.6140114,-74.0326395
40.633724,-74.023884
40.683776,-73.9788166
40.6767523,-73.9834034
40.6655474,-73.9928633
40.6780268,-73.9825433
40.636108,-74.02291
40.611416,-74.0349268
40.611416,-74.0349268
40.6818287,-73.9799736
40.6774347,-73.9831139
40.6811895,-73.9803959
40.6774385,-73.9964966
40.6784227,-74.0000598
40.7242255,-74.04735
40.677866,-73.998068
40.6789381,-74.0019127
40.6774385,-73.9964966
40.6721964,-73.9837924
40.6710562,-73.9814322
40.6699166,-73.9790718
40.66877,-73.976705
40.6763464,-73.992366
40.677204,-73.994155
40.6676372,-73.9743675
40.678162,-73.996128
40.645442,-73.976848
40.626318,-73.97322
40.6239286,-73.9727454
40.616757,-73.971412
40.6108398,-73.9782599
40.609154,-73.9699837
40.5967211,-73.9755855
40.590965,-73.9665283
40.6236717,-73.9727203
40.6476179,-73.9772512
40.638251,-73.9754852
40.6358659,-73.975035
40.627333,-73.973415
40.5946478,-73.9672151
40.650637,-73.977833
40.6070181,-73.96958
40.652721,-73.97823
40.7119026,-73.9629572
40.7113394,-73.9614377
40.7142215,-73.9564317
40.7128651,-73.9657721
40.7110253,-73.9606002
40.7119026,-73.9629572
40.7113394,-73.9614377
40.7099719,-73.9586132
40.7078016,-73.9517301
40.7083483,-73.9532355
40.708901,-73.954719
40.7132966,-73.9674097
40.709758,-73.957061
40.707391,-73.95053
40.707391,-73.95053
40.7128651,-73.9657721
40.6120724,-73.9784976
40.6007181,-73.976346
40.6108398,-73.9782599
40.609154,-73.9699837
40.5967211,-73.9755855
40.603691,-73.9769137
40.6070181,-73.96958
40.645106,-74.010319
40.6437705,-74.0081173
40.642445,-74.005913
40.6411165,-74.0037165
40.6397897,-74.0015243
40.6250815,-73.9771449
40.6357624,-73.9948506
40.644547,-74.010902
40.6432087,-74.0087135
40.641884,-74.006497
40.6405489,-74.0043042
40.6392381,-74.0021056
40.624019,-73.976948
40.6349248,-73.994962
40.644547,-74.010902
40.644547,-74.010902
40.6329133,-73.9273594
40.6305528,-73.9271169
40.6282133,-73.9268772
40.6258771,-73.9266262
40.6214032,-73.9261497
40.6131064,-73.9252535
40.6166722,-73.9256253
40.6519267,-73.9294054
40.644489,-73.9286141
40.6566868,-73.9299044
40.63759,-73.9278594
40.6145413,-73.9253932
40.6122452,-73.9251653
40.6268194,-73.9267037
40.6268194,-73.9267037
40.639845,-73.9281121
40.655385,-73.9297752
40.662217,-73.930462
40.6606631,-73.9303308
40.6501537,-73.9292196
40.6482432,-73.9290058
40.6583626,-73.9300793
40.6439853,-74.0114771
40.6426664,-74.0092741
40.641325,-74.007079
40.639995,-74.004877
40.6386645,-74.0026701
40.623013,-73.976753
40.6340536,-73.9950732
40.6113778,-73.9231133
40.632967,-73.926425
40.6306118,-73.9261888
40.6282759,-73.9259227
40.6259327,-73.925687
40.6214588,-73.9251981
40.6131796,-73.9243169
40.6167305,-73.9246873
40.6131796,-73.9243169
40.610276,-73.9218826
40.6521735,-73.9284895
40.6445418,-73.9276734
40.656742,-73.9289656
40.6380528,-73.9269629
40.6145984,-73.9244693
40.6273904,-73.9258216
40.6398987,-73.9271698
40.6398987,-73.9271698
40.635308,-73.9266738
40.6554426,-73.928845
40.6613105,-73.9294518
40.6607068,-73.9294036
40.6502181,-73.9282839
40.6483004,-73.9280695
40.6584174,-73.9291489
40.6107407,-73.9211819
40.6434276,-74.0120523
40.642097,-74.009863
40.640765,-74.00766
40.639435,-74.005457
40.6380919,-74.0032566
40.6219928,-73.9765873
40.6331944,-73.995162
40.6330303,-73.925455
40.6306739,-73.9252207
40.6283322,-73.9249682
40.6259981,-73.924719
40.6215288,-73.9242424
40.6132245,-73.9233515
40.6167779,-73.9237189
40.6523148,-73.9275182
40.6446059,-73.9266957
40.656803,-73.9280038
40.6146404,-73.9235007
40.6104084,-73.9229632
40.6279788,-73.9249282
40.6364856,-73.9258293
40.6364856,-73.9258293
40.6353741,-73.925706
40.6555032,-73.9278845
40.660177,-73.928193
40.6502715,-73.9273195
40.6483597,-73.9271027
40.658476,-73.9281827
40.642865,-74.0126466
40.641535,-74.010447
40.6402025,-74.0082362
40.638877,-74.006041
40.6375466,-74.0038363
40.6323644,-73.9952509
40.6132815,-73.9223792
40.6330832,-73.9244842
40.630731,-73.9242499
40.6284062,-73.9240044
40.6260541,-73.9237491
40.6215889,-73.9232695
40.6132815,-73.9223792
40.6168341,-73.9227667
40.7596427,-73.9720574
40.6128164,-73.9222651
40.6112019,-73.9204572
40.6523872,-73.9265556
40.6446755,-73.9257268
40.6568655,-73.927032
40.6147049,-73.9225249
40.6285652,-73.923998
40.6370385,-73.924965
40.635436,-73.924738
40.6555629,-73.926911
40.6593226,-73.927255
40.6503384,-73.9263437
40.64842,-73.9261267
40.6593226,-73.927255
40.6593226,-73.927255
40.6423101,-74.0132276
40.640976,-74.011029
40.639645,-74.008825
40.638315,-74.006622
40.636983,-74.0044067
40.6315603,-73.9954351
40.6424415,-73.9245412
40.633146,-73.923556
40.6308016,-73.9233016
40.6284676,-73.9230653
40.6261171,-73.9228195
40.6216407,-73.9223341
40.6132744,-73.9215396
40.6168977,-73.9218263
40.7603518,-73.971794
40.611655,-73.9197487
40.6524306,-73.9256059
40.6569166,-73.9260967
40.6147618,-73.9215912
40.6291628,-73.9231381
40.6374699,-73.9240436
40.6354778,-73.9238062
40.6556181,-73.9259708
40.6503917,-73.9254192
40.648479,-73.9251902
40.60774,-73.912696
40.606664,-73.9114779
40.6060988,-73.9108451
40.6083006,-73.9132932
40.6090035,-73.9141248
40.641745,-74.013814
40.640416,-74.011611
40.6390837,-74.0094022
40.6390837,-74.0094022
40.637755,-74.007206
40.6364237,-74.0049914
40.6308179,-73.9956939
40.6424926,-73.923565
40.6332162,-73.9225986
40.630868,-73.9223337
40.628528,-73.9220849
40.6261768,-73.9218433
40.6217049,-73.9213676
40.7608933,-73.9711367
40.6169575,-73.9208512
40.6120815,-73.9189918
40.6524959,-73.9246467
40.644788,-73.9238253
40.6569704,-73.9251451
40.6355552,-73.9228373
40.6148248,-73.9206273
40.62973,-73.922215
40.6378357,-73.9230692
40.635521,-73.9231515
40.6556819,-73.9250007
40.6180878,-73.9209795
40.6387822,-73.9232009
40.657468,-73.9252058
40.6504536,-73.9244445
40.6404911,-73.923375
40.6411873,-74.0143936
40.639854,-74.0121899
40.6385162,-74.0099788
40.6371918,-74.0077732
40.6358608,-74.0055843
40.6300377,-73.9959166
40.6427459,-73.9226193
40.6332611,-73.921618
40.6309249,-73.9213632
40.6285806,-73.9211161
40.6262368,-73.920878
40.6217588,-73.9203995
40.6170127,-73.9198931
40.6130586,-73.9175652
40.6525264,-73.9236963
40.6448456,-73.9228502
40.6427459,-73.9226193
40.6360739,-73.9219304
40.6148854,-73.9196642
40.6303312,-73.9212989
40.6384419,-73.9221682
40.6557363,-73.9240357
40.6564837,-73.9241085
40.6485831,-73.9232712
40.6366237,-74.0083646
40.6353056,-74.0061588
40.6467848,-73.9221235
40.6449042,-73.9219223
40.6309078,-73.9204175
40.6389677,-73.9213144
40.6333003,-73.9207011
40.655459,-73.922959
40.6505679,-73.9225517
40.6486479,-73.9223355
40.6400589,-74.0155623
40.6387292,-74.0133644
40.6374001,-74.0111472
40.6360679,-74.0089597
40.6347402,-74.0067467
40.6172886,-73.977854
40.6284687,-73.99634
40.628702,-73.919248
40.6263519,-73.9190132
40.6218757,-73.9185193
40.7629406,-73.9698785
40.6171317,-73.9180237
40.6139909,-73.9160966
40.6524777,-73.9218111
40.6449599,-73.9210102
40.6369899,-73.9201489
40.6314697,-73.919543
40.6395285,-73.9204217
40.6338533,-73.9198018
40.6506369,-73.9215882
40.6487038,-73.9213927
40.625781,-74.024153
40.6697907,-73.9857964
40.643152,-73.975467
40.7423132,-73.9890177
40.7077326,-73.9536004
40.7077326,-73.9536004
40.712593,-73.9677304
40.712593,-73.9677304
40.6715966,-73.9842944
40.6394801,-74.0161657
40.6389001,-74.0167625
40.6383365,-74.0173529
40.637781,-74.017931
40.637219,-74.0185078
40.6365559,-74.0192175
40.63608,-74.019703
40.635567,-74.020153
40.634169,-74.020722
40.6709946,-73.9847943
40.631688,-74.021737
40.6309915,-74.0220304
40.6303212,-74.0223051
40.628701,-74.022959
40.627972,-74.023258
40.627242,-74.023557
40.626514,-74.023853
40.6703842,-73.9852983
40.625781,-74.024153
40.625049,-74.024449
40.624321,-74.02475
40.6235922,-74.0250491
40.622859,-74.025345
40.622141,-74.025662
40.6214868,-74.0262112
40.6208304,-74.0267844
40.620323,-74.02722
40.619749,-74.0277195
40.6697907,-73.9857964
40.6191811,-74.028205
40.618593,-74.0287
40.617896,-74.029302
40.6165204,-74.0304937
40.6157251,-74.0312413
40.6691715,-73.9863098
40.6795789,-73.9783093
40.633469,-74.021012
40.6294895,-74.0226415
40.6814896,-73.9770297
40.6770461,-73.9800264
40.675146,-73.981326
40.677681,-73.9795997
40.6821136,-73.9765943
40.678312,-73.9791702
40.6824576,-73.9762856
40.674602,-73.981775
40.677681,-73.9795997
40.632579,-74.021375
40.6796832,-73.9782454
40.6757759,-73.9808862
40.6641369,-73.9905231
40.6803149,-73.9778094
40.6770461,-73.9800264
40.634706,-74.020507
40.634706,-74.020507
40.6784036,-73.979105
40.6808491,-73.977449
40.6808491,-73.977449
40.6790438,-73.9786739
40.6764097,-73.980459
40.6802084,-73.9778875
40.6704534,-73.981935
40.6693157,-73.9795728
40.668169,-73.977208
40.6765688,-73.994593
40.6670364,-73.974858
40.6774385,-73.9964966
40.645544,-73.975919
40.6240333,-73.9718325
40.6107471,-73.9791988
40.6092522,-73.9690587
40.5976799,-73.9668452
40.6245654,-73.9719187
40.6359883,-73.9741071
40.5945748,-73.9662599
40.6060497,-73.9782955
40.6528014,-73.9774518
40.7112182,-73.9633836
40.7107555,-73.9618172
40.714326,-73.955057
40.714075,-73.9546378
40.715144,-73.956368
40.7120544,-73.966141
40.7112182,-73.9633836
40.7107555,-73.9618172
40.714326,-73.955057
40.707224,-73.952092
40.7082657,-73.9551147
40.712593,-73.9677304
40.70908,-73.957488
40.7066255,-73.9503953
40.715144,-73.956368
40.7066255,-73.9503953
40.7120544,-73.966141
40.6127442,-73.9795881
40.6107471,-73.9791988
40.6092522,-73.9690587
40.5976799,-73.9668452
40.603586,-73.9778322
40.5797254,-73.9718899
40.611605,-73.9129471
40.6381528,-74.0139571
40.636823,-74.0117549
40.635493,-74.009557
40.6341527,-74.0073496
40.7635083,-73.9692233
40.616704,-73.978458
40.614724,-73.975172
40.6140862,-73.973983
40.6276452,-73.9965938
40.6144428,-73.9153964
40.6375672,-74.0145653
40.6362369,-74.0123533
40.6349152,-74.0101579
40.633584,-74.0079579
40.6161291,-73.979068
40.613668,-73.9749878
40.6268374,-73.9967961
40.6149253,-73.91467
40.6169929,-73.9169847
40.6370219,-74.0151343
40.6356808,-74.0129311
40.6343356,-74.0107457
40.6330123,-74.0085433
40.615565,-73.979638
40.6126354,-73.9747954
40.6260836,-73.9970284
40.6364486,-74.0157637
40.633793,-74.0113155
40.632463,-74.0091166
40.6149995,-73.9802229
40.611613,-73.9745957
40.6253079,-73.9972736
40.7653736,-73.9678737
40.6175477,-73.9149216
40.6159372,-73.9131034
40.6188988,-73.9161963
40.6061151,-73.9152619
40.6143228,-73.9112826
40.6358806,-74.0163442
40.6345618,-74.0141071
40.633234,-74.011908
40.6318963,-74.0097092
40.614447,-73.980805
40.6105539,-73.9743995
40.624525,-73.9975083
40.7659987,-73.9674155
40.6180065,-73.9142201
40.6163966,-73.9123948
40.6190838,-73.9153107
40.605563,-73.9146393
40.6209596,-73.9174224
40.6147903,-73.9105962
40.6196258,-73.915772
40.6352039,-74.0170142
40.6133995,-73.9807191
40.6339556,-74.0147414
40.632634,-74.012534
40.631301,-74.01033
40.611173,-73.9770058
40.6087836,-73.9733329
40.613838,-73.981438
40.6094918,-73.9742041
40.6237,-73.9977172
40.6219418,-73.9175236
40.6219418,-73.9175236
40.616851,-73.911682
40.6050253,-73.9140492
40.6219418,-73.9175236
40.6152516,-73.909888
40.6196803,-73.914859
40.6347518,-74.0174856
40.6335094,-74.0156114
40.6335094,-74.0156114
40.632013,-74.013177
40.6306875,-74.0109633
40.6132456,-73.9820606
40.620649,-73.994318
40.621974,-73.99652
40.6228368,-73.9979459
40.621007,-73.99492
40.622363,-73.9161779
40.7672584,-73.9665164
40.618946,-73.912787
40.617328,-73.9109569
40.6097209,-73.9071063
40.6073566,-73.9090036
40.604461,-73.913409
40.6236026,-73.9177051
40.6157261,-73.9091343
40.6197803,-73.9133108
40.6197803,-73.9133108
40.6125271,-73.9067375
40.6341374,-74.0177755
40.6330809,-74.0164348
40.6330809,-74.0164348
40.6330809,-74.0164348
40.631486,-74.013726
40.631486,-74.013726
40.630148,-74.0115241
40.6126886,-73.9826484
40.6390964,-74.0285329
40.619865,-73.995131
40.6396387,-74.0303565
40.621134,-73.9974129
40.6216489,-73.9983206
40.620213,-73.995744
40.6393621,-74.02941
40.6177833,-73.9102448
40.619831,-73.912525
40.6330292,-74.0182308
40.6317755,-74.0157634
40.6121166,-73.9832217
40.63908,-74.0335317
40.621279,-73.9984195
40.6291741,-74.0114453
40.6393499,-74.0344024
40.6397231,-74.0356185
40.6334725,-74.0192478
40.6246856,-73.9170121
40.6230167,-73.915182
40.7685035,-73.9655976
40.6198917,-73.9113801
40.618375,-73.909692
40.6198917,-73.9113801
40.6253276,-73.9160219
40.6236717,-73.9141638
40.6155971,-73.9053377
40.6204324,-73.910493
40.6188475,-73.9089686
40.6172235,-73.9071322
40.6155971,-73.9053377
40.6139593,-73.9035171
40.6127879,-73.9020969
40.619981,-73.9100849
40.6698537,-73.9824445
40.6698537,-73.9824445
40.6310281,-74.0190541
40.63031,-74.019359
40.63031,-74.019359
40.629576,-74.01966
40.629576,-74.01966
40.629168,-74.019829
40.629168,-74.019829
40.6272781,-74.0206017
40.6265491,-74.0209101
40.6258184,-74.0212041
40.625084,-74.021495
40.6692469,-73.9829396
40.624355,-74.021794
40.6236367,-74.0220853
40.622896,-74.022389
40.6221787,-74.0227055
40.6686433,-73.9834421
40.6680321,-73.9839541
40.6829843,-73.9736959
40.6323347,-74.018527
40.628062,-74.020277
40.6807245,-73.9745066
40.6760705,-73.9775267
40.674171,-73.978822
40.6815026,-73.9742286
40.6802599,-73.9746933
40.6734667,-73.9794251
40.6767091,-73.9770915
40.6314358,-74.0188891
40.6822697,-73.973952
40.678696,-73.9757425
40.674805,-73.97839
40.6628041,-73.9883224
40.6793316,-73.9753163
40.6337127,-74.0179549
40.6774254,-73.9766092
40.6799495,-73.9749002
40.6780626,-73.9761776
40.6754347,-73.9779563
40.5890541,-73.9642427
40.5869232,-73.9638691
40.5876397,-73.9639875
40.5883253,-73.9641224
40.7172906,-73.9583298
40.71808,-73.959606
40.7164701,-73.9570296
40.71488,-73.95446
40.7197434,-73.9622814
40.7142043,-73.9533702
40.715702,-73.95578
40.718968,-73.961028
40.7104795,-73.9638364
40.7109982,-73.9653668
40.711646,-73.9672446
40.7119192,-73.968018
40.7113753,-73.9664559
40.5915187,-73.9765592
40.6106323,-73.9801804
40.6080875,-73.9796932
40.5987618,-73.9779155
40.5965186,-73.977489
40.5943848,-73.977113
40.5919993,-73.9766498
40.6034794,-73.9788179
40.5950996,-73.9772344
40.5800153,-73.974857
40.6059407,-73.9792747
40.5824342,-73.9745519
40.5932621,-73.9769089
40.6687086,-73.9800807
40.66757,-73.977717
40.6664364,-73.9753585
40.6302772,-74.0163516
40.6297843,-74.0154745
40.6110085,-73.9843875
40.6366609,-74.0315731
40.6374778,-74.034188
40.6197349,-73.9988381
40.6302772,-74.0163516
40.6259738,-73.9150341
40.6243124,-73.9131826
40.6161133,-73.9045226
40.620865,-73.9098108
40.619373,-73.908158
40.61774,-73.9063366
40.6161133,-73.9045226
40.6144822,-73.9027114
40.6132831,-73.9013633
40.620063,-73.9089286
40.6295685,-74.0166347
40.6295685,-74.0166347
40.6292286,-74.016054
40.6104487,-73.9849693
40.6354622,-74.0320586
40.6354622,-74.0320586
40.6361061,-74.0347527
40.6189503,-73.9990689
40.6348289,-74.0293613
40.6348289,-74.0293613
40.6365545,-74.0366326
40.616573,-73.9038103
40.6213289,-73.9091017
40.6198271,-73.9074425
40.618203,-73.905627
40.616573,-73.9038103
40.614938,-73.901994
40.6137557,-73.9006618
40.6201468,-73.9078153
40.6357716,-74.0365146
40.6293761,-74.017792
40.6293761,-74.017792
40.6286596,-74.0166266
40.6098915,-73.9855594
40.634783,-74.0323488
40.634783,-74.0323488
40.6354169,-74.035032
40.6354169,-74.035032
40.6181893,-73.9992996
40.6341514,-74.0296373
40.6341514,-74.0296373
40.633303,-74.026039
40.6359549,-74.0372805
40.6273609,-73.916719
40.6250564,-73.9120128
40.6170372,-73.9031007
40.6202942,-73.9067113
40.6170372,-73.9031007
40.6154,-73.9012722
40.6142162,-73.8999583
40.6286046,-74.0180388
40.6286046,-74.0180388
40.6093338,-73.9861337
40.633474,-74.029913
40.633474,-74.029913
40.633474,-74.029913
40.6341012,-74.0326217
40.6341012,-74.0326217
40.6347389,-74.0353068
40.6347389,-74.0353068
40.6174029,-73.9995107
40.633474,-74.029913
40.633474,-74.029913
40.6279861,-73.916244
40.6257463,-73.9112578
40.6207612,-73.9060126
40.6174885,-73.9023774
40.6158642,-73.9005623
40.614666,-73.899239
40.6278586,-74.0183017
40.6087745,-73.9867168
40.6334147,-74.0329085
40.6340555,-74.0355868
40.6166426,-73.9997285
40.6327802,-74.0302157
40.6343381,-74.0367818
40.6227074,-73.9069628
40.62122,-73.905303
40.619589,-73.903485
40.617955,-73.901667
40.616322,-73.8998526
40.6151612,-73.8985633
40.6151612,-73.8985633
40.6262941,-74.0189454
40.6075664,-73.9879661
40.6320125,-74.033477
40.6326602,-74.0361579
40.6149773,-74.0002235
40.6336137,-73.916224
40.6351069,-73.9178996
40.6358806,-73.9189934
40.6255419,-74.0192726
40.6070083,-73.9885543
40.631289,-74.0337782
40.6319246,-74.0364538
40.6141977,-74.0004507
40.6322738,-74.0379091
40.634086,-73.91547
40.6355922,-73.917146
40.6373485,-73.9191392
40.6243183,-74.0186866
40.6243183,-74.0186866
40.6064453,-73.9891356
40.6305586,-74.0340702
40.6311929,-74.0367518
40.6134148,-74.0006708
40.605115,-73.9868565
40.6317225,-74.0383988
40.605115,-73.9868565
40.6378354,-73.9184546
40.6345555,-73.91476
40.6360395,-73.9164469
40.6385741,-73.9192941
40.6242625,-74.0201055
40.605894,-73.9897183
40.6298357,-74.0343731
40.6306862,-74.0369622
40.6126486,-74.000905
40.6291902,-74.0316954
40.6312978,-74.0388353
40.6040553,-73.9866603
40.638255,-73.9176479
40.6350066,-73.9140507
40.6364917,-73.9157377
40.639815,-73.9194423
40.6681084,-73.9805801
40.6228635,-74.0193792
40.6230359,-74.0211743
40.6230359,-74.0211743
40.6224282,-74.0216652
40.6224282,-74.0216652
40.620722,-74.020296
40.6199822,-74.0206015
40.619262,-74.020899
40.618472,-74.021216
40.6175276,-74.0216053
40.6281091,-74.0172591
40.6675087,-73.98108
40.6161746,-74.0221738
40.6145979,-74.0228078
40.6668949,-73.98159
40.6310403,-74.0160473
40.6310403,-74.0160473
40.6270585,-74.0186477
40.6270585,-74.0186477
40.6750951,-73.9750245
40.673199,-73.976322
40.6779961,-73.9730511
40.6723228,-73.9770623
40.675729,-73.9745898
40.6302772,-74.0163516
40.6302772,-74.0163516
40.6302772,-74.0163516
40.677716,-73.973249
40.6180959,-74.0214003
40.6097315,-74.0247859
40.673828,-73.975889
40.6614724,-73.9861274
40.6764516,-73.9741058
40.6770762,-73.9736837
40.674467,-73.975467
40.6620824,-73.9856108
40.666963,-73.978212
40.6658309,-73.975851
40.6410508,-73.9722556
40.6290861,-73.9700085
40.6267011,-73.969549
40.6243318,-73.9691056
40.6219431,-73.9686552
40.61955,-73.968193
40.617161,-73.96774
40.6026458,-73.964995
40.6121133,-73.9667857
40.6095547,-73.9663186
40.6050011,-73.9654525
40.5986499,-73.978934
40.5979898,-73.9641122
40.5958735,-73.9636946
40.5934875,-73.9632359
40.5913571,-73.962843
40.5892412,-73.9624535
40.5871284,-73.9620419
40.6476096,-73.973507
40.645451,-73.973101
40.6386553,-73.9718089
40.5920771,-73.9629867
40.5906435,-73.962703
40.6362887,-73.971363
40.5899631,-73.96258
40.6305835,-73.9702577
40.646793,-73.973347
40.5885322,-73.9623196
40.594326,-73.963416
40.6517847,-73.9748957
40.5878391,-73.9621656
40.648398,-73.973652
40.5927646,-73.9631214
40.5863197,-73.9618909
40.5856575,-73.9617683
40.6503451,-73.9746014
40.6503451,-73.9746014
40.6074158,-73.9659088
40.6531087,-73.9751274
40.7178424,-73.9577271
40.718636,-73.959009
40.717032,-73.956439
40.715433,-73.953865
40.7203023,-73.9616976
40.7147527,-73.9527631
40.716252,-73.955186
40.719521,-73.960434
40.5921961,-73.9776996
40.6105273,-73.9811992
40.6079751,-73.9807016
40.5986499,-73.978934
40.5964015,-73.9785051
40.5942778,-73.9780967
40.6135341,-73.9817632
40.5921961,-73.9776996
40.6033651,-73.9798326
40.5950968,-73.9782527
40.6058276,-73.9803017
40.605329,-73.99029
40.6291025,-74.0346719
40.6297371,-74.0373506
40.6297371,-74.0373506
40.6118806,-74.0011085
40.6306097,-74.0396155
40.6030121,-73.9864551
40.6321988,-73.9096038
40.6386692,-73.9168337
40.6369877,-73.9149552
40.6297208,-73.9048423
40.628219,-73.901551
40.627859,-73.900743
40.60477,-73.990873
40.6283669,-74.0349656
40.6290141,-74.0376439
40.6110702,-74.0013569
40.627725,-74.0322885
40.6343636,-73.9106568
40.632722,-73.90885
40.6311074,-73.907032
40.6391602,-73.9160557
40.6360425,-73.9125377
40.6411159,-73.9181988
40.6374791,-73.9141886
40.604209,-73.991455
40.6276365,-74.0352592
40.6217557,-74.0207004
40.6282715,-74.0379492
40.6269975,-74.032586
40.6287006,-74.0399032
40.600958,-73.986059
40.634816,-73.909955
40.6331898,-73.9081312
40.63155,-73.90632
40.6299229,-73.9045056
40.6396269,-73.9153373
40.6364387,-73.9117563
40.6415487,-73.9174704
40.6379483,-73.9134748
40.603651,-73.992036
40.6269483,-74.035529
40.621252,-74.021178
40.6275951,-74.0382242
40.6280026,-74.039969
40.599958,-73.985878
40.6352678,-73.9092286
40.633645,-73.907421
40.6320238,-73.9056045
40.6303642,-73.903788
40.6287612,-73.9019578
40.6431448,-73.9179914
40.634643,-73.908533
40.6447863,-73.9197989
40.6400987,-73.9146258
40.6369688,-73.9111279
40.6419928,-73.9166854
40.638427,-73.912748
40.643242,-73.9181126
40.6426061,-73.9173774
40.60309,-73.992619
40.60957,-74.002665
40.6262825,-74.0357977
40.620679,-74.021729
40.6091614,-74.001845
40.625639,-74.0331388
40.5989688,-73.98567
40.6357625,-73.908521
40.634103,-73.9067202
40.632473,-73.904891
40.630842,-73.903074
40.629206,-73.901255
40.6405509,-73.913927
40.6373568,-73.9103285
40.6422406,-73.9158204
40.6422406,-73.9158204
40.6388841,-73.9120489
40.627609,-73.8994832
40.602534,-73.993201
40.608748,-74.003487
40.6255965,-74.0360842
40.619262,-74.020899
40.6262237,-74.0387848
40.6076859,-74.0016884
40.5979299,-73.9854928
40.63622,-73.907784
40.634575,-73.90595
40.63132,-73.90233
40.6296737,-73.9005271
40.6410025,-73.9131468
40.6378379,-73.9095853
40.639369,-73.911293
40.6279918,-73.8986195
40.592574,-73.9782826
40.5935028,-73.97985
40.5958277,-73.9837221
40.5939833,-73.9806705
40.5919316,-73.9772009
40.590136,-73.9743
40.6189539,-74.0219844
40.60195,-73.993811
40.6109732,-74.0087758
40.6105286,-74.0080592
40.6095907,-74.006489
40.609094,-74.005681
40.608145,-74.004113
40.60771,-74.003404
40.6068033,-74.0018909
40.606388,-74.0011768
40.605491,-73.9997165
40.6050614,-73.9990088
40.6041612,-73.9975307
40.603726,-73.9968165
40.602828,-73.99532
40.602421,-73.994585
40.601476,-73.993051
40.601036,-73.992338
40.600134,-73.990864
40.599705,-73.99015
40.5988,-73.988658
40.598372,-73.987939
40.597479,-73.986457
40.597041,-73.985747
40.6122885,-74.0109707
40.6118618,-74.0102552
40.5921961,-73.9776996
40.6247343,-74.0364433
40.6199424,-74.0236942
40.620977,-74.025363
40.5906333,-73.9751357
40.590121,-73.9742395
40.62536,-74.0391406
40.6064792,-74.0013261
40.6240972,-74.033769
40.590121,-73.9742395
40.6257404,-74.0407276
40.596744,-73.985266
40.5910489,-73.9758499
40.6476364,-73.9192302
40.6366991,-73.9070465
40.6348137,-73.904962
40.633432,-73.903407
40.6318,-73.901589
40.64404,-73.915698
40.6462319,-73.9176473
40.64141,-73.91229
40.6383194,-73.9088477
40.643208,-73.9142921
40.643208,-73.9142921
40.6398446,-73.91055
40.64358,-73.915185
40.6484565,-73.9203695
40.6284696,-73.8978808
40.6240055,-74.0367107
40.6246299,-74.0394129
40.6249117,-74.0406592
40.6480959,-73.918542
40.637163,-73.906327
40.6353066,-73.9042737
40.633894,-73.902694
40.632261,-73.900874
40.6306265,-73.8990607
40.642494,-73.912267
40.6366633,-73.9057747
40.6466712,-73.916954
40.6417855,-73.9114821
40.6388527,-73.9082164
40.6437579,-73.9136974
40.640308,-73.909832
40.6289265,-73.897166
40.6346142,-73.9034867
40.618088,-74.022732
40.6233223,-74.0369807
40.618537,-74.023634
40.6189784,-74.0245727
40.619891,-74.0263043
40.6239611,-74.0396885
40.617643,-74.02183
40.622685,-74.0343263
40.6242177,-74.0407817
40.6485557,-73.9178161
40.631094,-73.898349
40.637622,-73.905612
40.6358066,-73.9036055
40.634356,-73.901979
40.632724,-73.900161
40.6416698,-73.9101228
40.642997,-73.911601
40.6371549,-73.9050978
40.6471278,-73.9162427
40.6422388,-73.9107687
40.6393099,-73.907493
40.6441637,-73.9129412
40.6407722,-73.909123
40.6510559,-73.9206463
40.6293829,-73.8964464
40.6507484,-73.9202732
40.6226399,-74.0372653
40.6232724,-74.0399694
40.6220056,-74.0346079
40.6229602,-74.038718
40.6315423,-73.8976337
40.649021,-73.9171169
40.645325,-73.912978
40.6380906,-73.9049028
40.6362923,-73.9029149
40.634818,-73.901264
40.633185,-73.899447
40.6315423,-73.8976337
40.6421621,-73.9094582
40.6421621,-73.9094582
40.643498,-73.910927
40.6522406,-73.9207579
40.6376496,-73.9044054
40.6475921,-73.9155247
40.6427108,-73.9100582
40.6397041,-73.906706
40.6444822,-73.9120298
40.6412308,-73.9084173
40.6522406,-73.9207579
40.6298499,-73.8957303
40.6355648,-73.9021022
40.666361,-73.978715
40.665749,-73.979224
40.630353,-74.014903
40.6741278,-73.972538
40.672222,-73.97382
40.6757489,-73.9714181
40.671175,-73.9747043
40.674757,-73.9720904
40.671784,-73.974188
40.6728534,-73.9733738
40.660137,-73.983918
40.673488,-73.972955
40.660937,-73.9832339
40.6652242,-73.9763633
40.6292062,-73.9689302
40.6244162,-73.968021
40.62206,-73.967572
40.617278,-73.966664
40.6104221,-73.9821124
40.6096748,-73.9652479
40.5981016,-73.9630399
40.6476923,-73.9729421
40.6476923,-73.9729421
40.638795,-73.97074
40.636407,-73.970291
40.631064,-73.9692818
40.631064,-73.9692818
40.5942233,-73.9623004
40.644376,-73.971799
40.648489,-73.972672
40.648489,-73.972672
40.6328997,-73.968905
40.6501726,-73.9738232
40.6501726,-73.9738232
40.605718,-73.981217
40.645164,-73.971946
40.6335104,-73.9693862
40.7184061,-73.9571523
40.717589,-73.955844
40.715987,-73.953272
40.7168059,-73.9545845
40.7200621,-73.9598553
40.7184061,-73.9571523
40.719189,-73.958416
40.7091286,-73.9599831
40.717589,-73.955844
40.7100328,-73.9685056
40.7168059,-73.9545845
40.7200621,-73.9598553
40.6104221,-73.9821124
40.6096748,-73.9652479
40.5981016,-73.9630399
40.5896668,-73.9784996
40.6127775,-73.9825539
40.603264,-73.980752
40.5797627,-73.9763036
40.605718,-73.981217
40.6169421,-74.0237238
40.617389,-74.024624
40.6201436,-74.030216
40.6178342,-74.0255477
40.6187263,-74.0273149
40.616488,-74.022815
40.6212782,-74.0378469
40.6215877,-74.0402081
40.6325578,-73.896091
40.6500117,-73.9155677
40.639076,-73.903361
40.6374452,-73.901543
40.6341704,-73.8979196
40.6325578,-73.896091
40.653272,-73.9192065
40.6581881,-73.9246443
40.6485907,-73.9139864
40.6407631,-73.9052386
40.69586,-73.828889
40.6565425,-73.922863
40.6614552,-73.9282859
40.62893,-73.89038
40.6308448,-73.8941925
40.629649,-73.891826
40.6366269,-73.9006699
40.6549215,-73.9210036
40.6598217,-73.9264759
40.6155986,-74.0248288
40.6205967,-74.0380973
40.6160648,-74.0257238
40.6165398,-74.026685
40.6174569,-74.0284172
40.6205967,-74.0380973
40.6151619,-74.0239598
40.6199609,-74.0354466
40.620795,-74.0404644
40.6334194,-73.8947695
40.6504689,-73.9148572
40.639472,-73.902747
40.637901,-73.900838
40.6347744,-73.8969676
40.6334194,-73.8947695
40.643557,-73.90751
40.644898,-73.909056
40.6347744,-73.8969676
40.6537393,-73.9184959
40.6586551,-73.923936
40.6417332,-73.9053509
40.6490452,-73.913289
40.6440181,-73.9080273
40.6411325,-73.9046734
40.6456167,-73.9098994
40.6425604,-73.9063284
40.6570041,-73.9221323
40.6329755,-73.8954287
40.6334194,-73.8947695
40.6619049,-73.927566
40.629361,-73.889516
40.6313093,-73.8934742
40.630251,-73.891318
40.630251,-73.891318
40.6553775,-73.9202883
40.6602822,-73.9257626
40.6193123,-74.0372991
40.6193123,-74.0372991
40.6192778,-74.0357187
40.6185024,-74.0395783
40.6334194,-73.8947695
40.650929,-73.9141475
40.640001,-73.901933
40.6383557,-73.9001173
40.635098,-73.8964824
40.6591171,-73.9232267
40.6422876,-73.9044939
40.6495109,-73.9125598
40.644623,-73.907084
40.6416862,-73.9038125
40.6462702,-73.9088915
40.6431272,-73.9054201
40.6574779,-73.9214116
40.6334194,-73.8947695
40.6623725,-73.9268594
40.629916,-73.888904
40.6317749,-73.8927323
40.630854,-73.890815
40.6558388,-73.919578
40.6607383,-73.9250442
40.616067,-74.029576
40.6188426,-74.0370112
40.6188426,-74.0370112
40.6186003,-74.0359919
40.6178541,-74.0391848
40.633924,-73.8939585
40.6513907,-73.9134216
40.648355,-73.910004
40.6404678,-73.9012214
40.638815,-73.899403
40.6355504,-73.8957649
40.633924,-73.8939585
40.6546817,-73.9170385
40.6595791,-73.922501
40.6427655,-73.903773
40.6499995,-73.9118383
40.645087,-73.906369
40.6420807,-73.9030216
40.6467217,-73.9081822
40.64359,-73.904702
40.6344832,-73.8945829
40.662835,-73.9261458
40.6323003,-73.8921335
40.640957,-73.901753
40.656301,-73.9188598
40.6612081,-73.9243149
40.6823714,-73.8640964
40.681918,-73.866027
40.6821237,-73.864994
40.6179515,-74.0364663
40.6179515,-74.0364663
40.6165075,-74.0383693
40.6518582,-73.9127123
40.648817,-73.9092863
40.640915,-73.9005114
40.639289,-73.8986897
40.6360144,-73.895055
40.6343891,-73.8932366
40.6551346,-73.9163354
40.660027,-73.9217892
40.6432112,-73.903066
40.6504364,-73.9111387
40.6455472,-73.9056669
40.6426103,-73.9023834
40.6471808,-73.9074774
40.6440588,-73.903982
40.6583916,-73.9199669
40.6326848,-73.8913315
40.631783,-73.890289
40.6567588,-73.9181459
40.6616539,-73.9236029
40.616673,-74.0356899
40.616673,-74.0356899
40.6158653,-74.0379795
40.63496,-73.892354
40.6524281,-73.9118014
40.649388,-73.908399
40.641491,-73.899626
40.6398411,-73.897816
40.6382184,-73.895994
40.6365816,-73.8941845
40.63496,-73.892354
40.6557039,-73.9154543
40.6606046,-73.9209122
40.6437906,-73.9021725
40.6510179,-73.9102393
40.646116,-73.904775
40.6431823,-73.9014982
40.6477465,-73.9065988
40.644623,-73.903112
40.658968,-73.9190863
40.6638576,-73.9245548
40.630929,-73.88787
40.6333183,-73.8905374
40.631465,-73.888464
40.631917,-73.8889786
40.6333183,-73.8905374
40.657325,-73.9172636
40.662222,-73.9227331
40.6160242,-74.0352869
40.6160242,-74.0352869
40.6151852,-74.0376715
40.615079,-74.0357397
40.6153858,-74.0349021
40.6535281,-73.9101561
40.6425782,-73.897964
40.6409343,-73.8961284
40.637676,-73.892495
40.636045,-73.890677
40.6638368,-73.9216749
40.6567836,-73.9137847
40.6448689,-73.9004932
40.6520873,-73.9085966
40.6624888,-73.9201424
40.6472,-73.9031
40.6441834,-73.8997515
40.6488334,-73.9049214
40.6456957,-73.9014282
40.6611665,-73.9182973
40.6586091,-73.9157553
40.6600414,-73.9174041
40.6611665,-73.9182973
40.6583617,-73.9155518
40.6642006,-73.9220389
40.6597506,-73.9170836
40.6493774,-73.9055537
40.6574293,-73.9144951
40.6343047,-73.8887563
40.6562156,-73.9131448
40.6652154,-73.9231866
40.6619828,-73.9195856
40.6630671,-73.9207982
40.6584081,-73.9156041
40.6633031,-73.9210625
40.6138192,-74.0370599
40.6509136,-73.9059742
40.6430444,-73.8972218
40.6414134,-73.8954009
40.6397842,-73.8935677
40.6381509,-73.8917441
40.6365231,-73.8899519
40.6453659,-73.8997701
40.6446764,-73.899007
40.6493034,-73.9041848
40.646182,-73.900692
40.6509136,-73.9059742
40.6347957,-73.8880253
40.629024,-74.012702
40.646342,-73.994687
40.6747399,-73.9977726
40.664607,-73.976846
40.7252547,-73.9779679
40.629297,-73.9680025
40.6269184,-73.967548
40.6245578,-73.967108
40.622163,-73.9666641
40.61738,-73.965739
40.6028638,-73.9629883
40.6103166,-73.9830397
40.6097777,-73.9643321
40.5982109,-73.9621101
40.638895,-73.969814
40.636506,-73.96936
40.6314877,-73.968408
40.6076357,-73.9639017
40.7087176,-73.9641937
40.7085267,-73.9625676
40.71659,-73.9526748
40.717363,-73.9539888
40.7090467,-73.9671131
40.7087176,-73.9641937
40.707854,-73.9563054
40.7085267,-73.9625676
40.71659,-73.9526748
40.7080311,-73.9581847
40.7078971,-73.9568109
40.717363,-73.9539888
40.7090467,-73.9671131
40.6103166,-73.9830397
40.6097777,-73.9643321
40.6028638,-73.9629883
40.5982109,-73.9621101
40.6119967,-73.9833584
40.6772013,-74.0064924
40.6751839,-73.9993525
40.675565,-74.0007237
40.6762698,-74.0031861
40.6767136,-74.004764
40.60316,-73.981679
40.6076357,-73.9639017
40.6747399,-73.9977726
40.590948,-73.923733
40.5900269,-73.9227127
40.5877196,-73.9201214
40.588827,-73.9213686
40.6809681,-73.9069796
40.682371,-73.9056235
40.7024888,-73.988567
40.6921742,-73.9891192
40.704472,-73.9884285
40.6950209,-73.9887437
40.7038251,-73.9884611
40.7038251,-73.9884611
40.7006891,-73.9886821
40.6994335,-73.988914
40.7003455,-73.9887033
40.6950209,-73.9887437
40.6962715,-73.9888336
40.7031706,-73.9887564
40.7015909,-73.9886226
40.6895632,-73.9711433
40.6979531,-73.9728162
40.6845933,-73.970152
40.686174,-73.97047
40.687638,-73.970764
40.69321,-73.971872
40.6961818,-73.9724676
40.69164,-73.97156
40.6848298,-73.8725675
40.684985,-73.871439
40.6780012,-73.9398366
40.713347,-73.941385
40.7130921,-73.9441447
40.713246,-73.942474
40.7126977,-73.9523493
40.712762,-73.9474767
40.7126011,-73.9491478
40.7129255,-73.9458363
40.7131183,-73.9534979
40.7123581,-73.9513592
40.692154,-73.993438
40.692154,-73.993438
40.6702165,-73.8983529
40.667416,-73.8976368
40.6769461,-73.9001339
40.6658792,-73.8972441
40.6516479,-73.888722
40.6727428,-73.8990089
40.6769461,-73.9001339
40.673982,-73.899307
40.6575721,-73.8931245
40.6643384,-73.8968408
40.6607534,-73.8955024
40.6607534,-73.8955024
40.6769461,-73.9001339
40.6612651,-73.8960564
40.6714805,-73.8986815
40.6627971,-73.896447
40.6559139,-73.8919034
40.668958,-73.89802
40.654417,-73.8907898
40.6779342,-73.9386043
40.6415832,-73.938027
40.6323066,-73.937031
40.6323066,-73.937031
40.6323066,-73.937031
40.6299516,-73.9367729
40.6276212,-73.936518
40.6257557,-73.9363307
40.6755005,-73.9388244
40.6665833,-73.9396743
40.6513137,-73.9390732
40.6438861,-73.9382739
40.6560529,-73.9395549
40.6448575,-73.9383754
40.6656919,-73.9397598
40.6762752,-73.9387663
40.680857,-73.938547
40.6692147,-73.9394232
40.6639027,-73.9399123
40.6369177,-73.9375112
40.6593605,-73.9396517
40.6392644,-73.9377656
40.6797811,-73.9384261
40.6346452,-73.9372722
40.658537,-73.9395646
40.679034,-73.9384984
40.6630258,-73.9400108
40.6547862,-73.9394235
40.6702021,-73.9393143
40.6532533,-73.9392882
40.6614907,-73.9398851
40.6607888,-73.9398118
40.6647981,-73.9398348
40.6622387,-73.9399718
40.6770571,-73.9386844
40.6728304,-73.9390718
40.6674677,-73.9395878
40.6737144,-73.9389714
40.6600772,-73.9397297
40.6495746,-73.9388795
40.6710418,-73.9392515
40.6746318,-73.938892
40.6719321,-73.9391703
40.6683098,-73.9395123
40.6577684,-73.9396132
40.6900293,-73.9835307
40.6920941,-73.9834055
40.6920941,-73.9834055
40.6465477,-73.967325
40.6478422,-73.9557532
40.6460707,-73.9707587
40.644991,-73.980915
40.64748,-73.9581483
40.64748,-73.9581483
40.6479038,-73.9542171
40.6466537,-73.9654503
40.645109,-73.97988
40.648134,-73.9493026
40.6478729,-73.9549582
40.6472464,-73.9604816
40.6456614,-73.9748248
40.6479941,-73.9521856
40.6466513,-73.9664113
40.6463461,-73.9691875
40.644991,-73.980915
40.6479722,-73.95278
40.6464425,-73.9682577
40.6780397,-73.9405737
40.5966929,-73.9302133
40.5964396,-73.9305812
40.5961905,-73.9309717
40.5959868,-73.9312976
40.5957131,-73.9317015
40.5954632,-73.9320732
40.5952506,-73.9324158
40.5969838,-73.9297324
40.5948773,-73.933039
40.5954632,-73.9320732
40.5959868,-73.9312976
40.6236558,-73.9379896
40.6715444,-73.858555
40.6650676,-73.9134753
40.6635338,-73.9130825
40.6556908,-73.911079
40.6541203,-73.9106831
40.6619778,-73.9126868
40.6573745,-73.9115382
40.6705289,-73.9148609
40.6589088,-73.9118995
40.6691149,-73.9145204
40.6604384,-73.9123117
40.6705289,-73.9148609
40.6665984,-73.9138621
40.6325031,-73.9496172
40.6336228,-73.9510988
40.5793616,-73.9523679
40.5770338,-73.9519262
40.688915,-73.995001
40.6883608,-73.9930071
40.689432,-73.9968661
40.689856,-73.998412
40.7026192,-73.9876278
40.7038159,-73.9883077
40.7249125,-73.9311835
40.7228448,-73.9390493
40.7236669,-73.9359053
40.7232769,-73.937409
40.724074,-73.9343118
40.7280925,-73.93821
40.7242874,-73.9376291
40.7262401,-73.9379413
40.7280925,-73.93821
40.7240964,-73.9376389
40.6297324,-73.9641532
40.6495835,-73.9679121
40.6476881,-73.9675621
40.6404382,-73.9661686
40.636275,-73.9653841
40.6384512,-73.965792
40.6332349,-73.9647824
40.6321389,-73.9646031
40.699071,-73.93547
40.697835,-73.9367582
40.680539,-73.886735
40.6801462,-73.889385
40.679477,-73.893928
40.680674,-73.885815
40.680811,-73.884893
40.681085,-73.883031
40.6815942,-73.8794607
40.6798727,-73.8912174
40.6813492,-73.8811681
40.6794744,-73.8946152
40.680272,-73.888524
40.680947,-73.883972
40.679607,-73.893019
40.680008,-73.890311
40.6812162,-73.8821135
40.679741,-73.892115
40.680405,-73.887636
40.680482,-73.9512089
40.681636,-73.951328
40.6809175,-73.9511572
40.7380024,-73.9553589
40.7380024,-73.9553589
40.7382447,-73.9529981
40.6776574,-73.8860128
40.6722296,-73.8847011
40.6694462,-73.8839831
40.6583285,-73.8775827
40.667905,-73.883597
40.6793794,-73.8864391
40.674768,-73.885352
40.66415,-73.881856
40.68295,-73.887354
40.6760073,-73.8856464
40.6628379,-73.8808814
40.6663705,-73.8831986
40.666112,-73.883309
40.6734947,-73.8850403
